1.424403693714881403e+00 9.383605949156426096e-01 2.329534267523286850e+00 4.034436849014095827e+00 2.359918674069379385e+00 2.123665687349637565e+00 2.761322683775452536e+00 2.762689679712911239e+00
2.546241632014491607e+00 3.521690820852669823e+00 2.918493640192552530e+00 3.454308305603234430e+00 1.848641855448693416e+00 1.036219478505136182e+00 1.562607438746148825e+00 6.740343718762495939e-01
1.767951417081204735e+00 1.420217800643480910e+00 1.979654960907908379e+00 2.064803672873654961e+00 1.790179977647859744e+00 3.099276386887439561e+00 2.223316352200198409e+00 3.489963507817534172e+00
3.214415210790027455e+00 1.041922529948406506e+00 3.157710657329990234e+00 2.020922953104986597e+00 2.039077007008510911e+00 1.302514896924166887e+00 3.252694344602045096e+00 3.445474942244494354e+00
2.517470056101596132e+00 1.215744482408734672e+00 8.579081700270647648e-01 2.120634053566990751e+00 2.386420668183200533e+00 1.973928522675134190e+00 1.025062656250587345e+00 3.113138232538918970e+00
2.774556629426353727e+00 2.511512314037589011e+00 1.168304334179478099e+00 1.829547601035617532e+00 1.141611183869300383e+00 3.456068276997896760e+00 1.442230372530599825e+00 7.444192641969152868e-01
2.442452719167191866e+00 1.563736517258057290e+00 3.347943282005662713e+00 2.686337089382747401e+00 1.363595740109261323e+00 2.337645178009249758e+00 2.412604618990575212e+00 2.688492922650590256e+00
1.530928088654853969e+00 6.876732923916155649e-01 2.276911150766401271e+00 3.922326200211373681e+00 2.699987999486826773e+00 2.066122675951033383e+00 2.525865304343651196e+00 1.943992401514214485e+00
1.606361697246728948e+00 3.029960038547487411e+00 1.347345826913210587e+00 1.883368764862239253e+00 2.219148255670199354e+00 3.675536300358599906e+00 2.767528930570408718e+00 2.256001960666833561e+00
3.208702173522608447e+00 3.045325669914968003e+00 3.538616301338924686e+00 2.803832995708053666e+00 2.962855238400176283e+00 1.525575256815578928e+00 3.081070555405700073e+00 1.482772527719511846e+00
1.853886125386641215e+00 1.563131970336023358e+00 2.808099744272405385e+00 2.584356466781079664e+00 3.298682548743219201e+00 2.893137279061116729e+00 9.713816240309384176e-01 3.354532027743781342e+00
1.818900293113570488e+00 3.253548031593380241e+00 3.253311425123616374e+00 1.771930924015546971e+00 3.151895749303596617e+00 2.233634120218908503e+00 2.347334414527725066e+00 2.534179363382107919e+00
6.890138635629257102e-01 2.099215845279662318e+00 1.377359325075182106e+00 2.929694092697300078e+00 2.546622221974472744e+00 3.655378188516949400e+00 1.624647971207203501e+00 2.979445314403538436e+00
3.530877720385844132e+00 2.800563987922077835e+00 8.583016859304952728e-01 3.086116900311830946e+00 4.052337390255522642e+00 3.510398416314677750e+00 1.719996884978115759e+00 2.321005132903957602e+00
2.602951986098725801e+00 1.619965524806808554e+00 3.662549211101401081e+00 4.033090616986487298e+00 1.626508264249040270e+00 1.831499338482486916e+00 2.610074011301816821e+00 2.426428380060641654e+00
2.781830537879848020e+00 1.929253305230206328e+00 2.423703265151181174e+00 3.053307240952761958e+00 2.438077207107734345e+00 3.882947197950334939e+00 3.779489272619563245e+00 2.214528789650301643e+00
2.192335674726625605e+00 1.155875535305035173e+00 2.720975649002499441e+00 3.019369163159909775e+00 1.543739636497509116e+00 1.260014589831361942e+00 2.759999519776024535e+00 1.252844112902412377e+00
7.532452998734584515e-01 2.432528501736413773e+00 1.813773997390224935e+00 3.847445361639673322e+00 1.787165032794640895e+00 3.258411565802210141e+00 1.081910555448394762e+00 3.467412256774926149e+00
1.841226810924418977e+00 1.703212979202914035e+00 2.541929253311521641e+00 1.967107721604548720e+00 3.425846717073370407e+00 3.447349581372016747e+00 1.436604422860424890e+00 2.490993372082744184e+00
2.856517246084861128e+00 3.189434687272324265e+00 9.762268654691103054e-01 2.646842549605890937e+00 4.002660867531265154e+00 3.754044176295123325e+00 2.137423996810563498e+00 2.952853881666336111e+00
2.292074077971880897e+00 1.661717443796449478e+00 1.966784016366806664e+00 2.760855783433509458e+00 3.825286394118744049e+00 1.009208421914341569e+00 2.558766528454515132e+00 7.281575829627179308e-01
1.193016766028353715e+00 1.105017306250278830e+00 9.540517292779731040e-01 4.032929163552830154e+00 1.223058561375900410e+00 3.410938497051613894e+00 1.076124037963602120e+00 1.831997898948777515e+00
1.761365125571665580e+00 1.792624749368052273e+00 2.753034395684138769e+00 3.327800486808474290e+00 1.240425022925067511e+00 2.374341166125490510e+00 2.260304474010421671e+00 2.688063655747389813e+00
1.349154834844478845e+00 2.158562813311932782e+00 2.603389244518920176e+00 3.978223942418124714e+00 1.885591221705897880e+00 2.890643354794633524e+00 2.170109703192311112e+00 3.649461444474699778e+00
1.395925267624019250e+00 2.346340808308327919e+00 2.636964502669910004e+00 1.353623712823910363e+00 1.570517742746807333e+00 2.156096777526026020e+00 1.546939274779593365e+00 2.665233867133881773e+00
3.044118376064582243e+00 1.736002285384889987e+00 3.633233270651838431e+00 3.281526790560048923e+00 3.636667740974962371e+00 2.611775090281472256e+00 1.428366363936605321e+00 2.022014438225236521e+00
1.394928141051375192e+00 3.036951545076627124e+00 1.605370979312167989e+00 4.064687389704364939e+00 1.115888755444994551e+00 3.992170163331963728e+00 1.844332056263159547e+00 8.220441805364020471e-01
2.577489438799263066e+00 1.292385036696916956e+00 2.255187312160595425e+00 2.023537528000956875e+00 2.317431612738506175e+00 2.693523254350224772e+00 2.230677516971180996e+00 1.981490477570660325e+00
1.796119296998964110e+00 6.355914920321654726e-01 2.667692151819323954e+00 4.021441577859015126e+00 2.665759187061382818e+00 1.962488609519090765e+00 1.181827045601996584e+00 3.286048101317098791e+00
1.687815438459650430e+00 2.868225341185353550e+00 1.403421165946948213e+00 2.039417448512648612e+00 1.142644840917568017e+00 1.911975336270938630e+00 2.080133397559142949e+00 1.682674032357223570e+00
3.280127576969827263e+00 2.793135128753021057e+00 3.633656850332869670e+00 2.996782995527930815e+00 3.421132188336652113e+00 3.163240876035480653e+00 2.627732514235009642e+00 2.352218592669869324e+00
1.211334564120098989e+00 7.030354961744817999e-01 8.983391772473159342e-01 1.670295637673209210e+00 1.236505129360195632e+00 3.350508269403063455e+00 3.318175030165460448e+00 3.525217180119827542e+00
2.152612942748826086e+00 1.022613165126809776e+00 2.515113988272165813e+00 3.167467322602989022e+00 3.771175625713476087e+00 1.458485878478308795e+00 2.489421437392879355e+00 1.048143711399553757e+00
3.433571208631534422e+00 1.986409761449513534e+00 1.052048549498912910e+00 1.461037987030580965e+00 1.053929893490060277e+00 2.186821560548309673e+00 3.248895243623185713e+00 7.612150991941980527e-01
3.546048353080913262e+00 2.699937332111067345e+00 1.241783152713157978e+00 3.567048332705758718e+00 2.938829073838864048e+00 2.761565479154142633e+00 1.044134628542775944e+00 1.655098101603738492e+00
3.517080161760246071e+00 1.239536359434415091e+00 3.505728520129045123e+00 2.413272701455079883e+00 2.073948221991542162e+00 1.607776895984799781e+00 3.672378004829355724e+00 7.017102719421635104e-01
1.190121372920167619e+00 1.613971683072890073e+00 1.649535061547110493e+00 1.919496201977040073e+00 1.999569208929251829e+00 1.070662550640939070e+00 1.502769132471453384e+00 1.082311049610505505e+00
1.657398789204476142e+00 1.981579174578804947e+00 3.369194469850259832e+00 1.390128510249264204e+00 1.693362474679038110e+00 2.978663304910150078e+00 3.127591200468010868e+00 1.736406250504314297e+00
8.727488248906059010e-01 2.003856563062718976e+00 1.124748640378357534e+00 3.207245355728810310e+00 1.469119855571365374e+00 1.301232491095980270e+00 2.889468218581190850e+00 3.372479384592656171e+00
2.389571112553801058e+00 3.102986158106973757e+00 1.011876791124303399e+00 3.694955582956383822e+00 2.888387161328341612e+00 2.553905540102750393e+00 2.877394636492120128e+00 1.328351331561806514e+00
1.743054176447091486e+00 2.198140744107914379e+00 1.353155792295551052e+00 2.656131860987543725e+00 3.836119845301733555e+00 1.301884627377242198e+00 2.666167536294123508e+00 2.460509567635834838e+00
2.235490440642413201e+00 3.661622831398685829e+00 3.560478787499361530e+00 2.268076647774934784e+00 3.092834427951644649e+00 1.129936088956366547e+00 1.385424996051203284e+00 8.515683764801877942e-01
1.294561142135779885e+00 9.796170265368147057e-01 1.568247939079441711e+00 2.207604283626915187e+00 3.963123766322317998e+00 1.451610924626749455e+00 2.868546447338840011e+00 2.107904096949393402e+00
3.524539903531009877e+00 2.439722370284631126e+00 1.151717811190157370e+00 1.644527953298257295e+00 1.887627465014045214e+00 1.259547710867286119e+00 1.491361842865305487e+00 3.619102181611698832e+00
7.055672914020155728e-01 1.931189437936703834e+00 3.808405285955058783e+00 3.550347312644878350e+00 1.990550911167048520e+00 1.825304200455742709e+00 2.676125622564089479e+00 2.769533080346887388e+00
1.299500411622210194e+00 2.496730062338420986e+00 3.214912314796974702e+00 2.013433180077091933e+00 2.327528893220993211e+00 1.891917671006046575e+00 1.649506753726563746e+00 3.167241609513174350e+00
2.086895923090823501e+00 1.940447682924937967e+00 2.823877786463146577e+00 3.608825131255532170e+00 3.267855011252388309e+00 1.676147868373166538e+00 2.092370963106509496e+00 8.851214175109461957e-01
1.245051798474997362e+00 2.295068321253419530e+00 2.482464361650610130e+00 1.583437561383611136e+00 3.116170638459099251e+00 3.244739342610516886e+00 3.546232995106756825e+00 2.638775384679086233e+00
3.215887878690046886e+00 3.041553721775670738e+00 3.756614607133165862e+00 1.316434206967591614e+00 1.713712085000687058e+00 2.963921341365007844e+00 3.580281013898973796e+00 2.197649340388970529e+00
2.100963355216219242e+00 1.956441946614381422e+00 3.634721758052752438e+00 2.113081306668751491e+00 1.892342969842506495e+00 2.206705195788126517e+00 8.976265711934496849e-01 3.184883942360564824e+00
1.167215982487546544e+00 2.741907641241584592e+00 1.459146608044395332e+00 1.463033832911408760e+00 2.483194017131818310e+00 2.460550120395226692e+00 1.183440439343274697e+00 2.184278762702819510e+00
3.102499549594303296e+00 9.531435171097599746e-01 1.632285473601557957e+00 1.242922683817916374e+00 2.490410165195796388e+00 1.113578623224520392e+00 1.864356618580357505e+00 2.489877335521183621e+00
3.363459667182856272e+00 2.679337700148550105e+00 1.047094574803481448e+00 1.759300801343065324e+00 1.748912028597607193e+00 1.746415299490064577e+00 3.210079330109328666e+00 2.195417197910098039e+00
2.521303109340588211e+00 2.679039100026987086e+00 3.182366306340878026e+00 3.359848470065744053e+00 3.153736559433932385e+00 3.603133581886540426e+00 2.147368937645388165e+00 1.642837589135917487e+00
5.848954958979660779e-01 3.469605797911265999e+00 1.079417965724745576e+00 3.011449101425457187e+00 1.310793104034594814e+00 2.769538385911730405e+00 1.790676500494130519e+00 3.248056674688412304e+00
1.741120975670441773e+00 2.073854562348169672e+00 2.553697451512420891e+00 1.596277232070991037e+00 1.752726783261425059e+00 3.124386950219976367e+00 8.086648431823418859e-01 6.361343951554621068e-01
1.223460076951377928e+00 2.709941822674756917e+00 3.761194102084494784e+00 3.860662771327056042e+00 3.381358732135978151e+00 2.906987216780883898e+00 3.720670680233617134e+00 3.599687750716520362e+00
1.552307437149414326e+00 2.958284387967810236e+00 3.124842217425646940e+00 2.394494451930135437e+00 1.278909668633317454e+00 2.884348193262274762e+00 1.012336054632990034e+00 2.189927326716890388e+00
2.571132353790738900e+00 9.476245886031591237e-01 2.433329208195731841e+00 3.048660602216794580e+00 3.044937285016802164e+00 2.504218715845153209e+00 1.245105706354154629e+00 2.154877366154533291e+00
2.163465233847818858e+00 3.220458492820108098e+00 3.735194088840688043e+00 2.436182686759526650e+00 2.659163237441120042e+00 1.182382881321673906e+00 1.533561077049429455e+00 2.846890641659157062e+00
1.201214574402875712e+00 2.683267402632178555e+00 3.557023792792411321e+00 1.040720918350988899e+00 3.882904626995446584e+00 1.287090380500559128e+00 1.902572860164683632e+00 3.722220990944975494e+00
7.108139094281304970e-01 2.001210375551652376e+00 2.938102224203246848e+00 3.591443962641868382e+00 2.769258312595383575e+00 2.103945643168329216e+00 3.214713087995352492e+00 3.121450703808382521e+00
3.106972257397645709e+00 1.466181539303067716e+00 1.250620251546735062e+00 1.186519138931834583e+00 2.903118811419230116e+00 3.715130554530782003e+00 2.828019959333023969e+00 2.236767665096287772e+00
3.106309700697052811e+00 1.353902761244813124e+00 1.576856248706079100e+00 3.550423285214386659e+00 1.556603498740190217e+00 1.374323182682561262e+00 3.287648685311366670e+00 1.295826753563770861e+00
2.479983197811784112e+00 3.337676669816455277e+00 1.182607056079337360e+00 1.947256171431904992e+00 3.802847952370558282e+00 2.062448182931602592e+00 2.524659343154259439e+00 1.200592285287874983e+00
2.958981294881893653e+00 2.485815254584252898e+00 3.535468392279110805e+00 2.724095125690987551e+00 2.275344454863313715e+00 1.769336653980508878e+00 3.226223202255764644e+00 2.128439108879554453e+00
2.440302813745629074e+00 2.727285902693389996e+00 3.626526466842906249e+00 2.987975430094818030e+00 2.341218289410589293e+00 1.633896710110370076e+00 1.384363472475449885e+00 2.998243985199605444e+00
1.029819423504742204e+00 1.853483660510929498e+00 1.115915641866931374e+00 1.703261544389444104e+00 3.176538505925483591e+00 1.957498998659247924e+00 1.421591151938938369e+00 3.029828668332195996e+00
9.028406435980487199e-01 9.357629641213992544e-01 3.803019062669572126e+00 1.614237530864589765e+00 1.577349460428914441e+00 1.265610404878095174e+00 2.607223146556784332e+00 8.908583602100540455e-01
3.423704864280962212e+00 1.405948440488671736e+00 3.568059998780226394e+00 2.323281423273960478e+00 2.222094785198071687e+00 1.342552369412036262e+00 9.170022371838151276e-01 1.853700429636231828e+00
2.841038621087359051e+00 2.103730914117812212e+00 3.298836551819388507e+00 3.703856841756647533e+00 2.750138859032117189e+00 1.643632022913955160e+00 3.033920223435866870e+00 9.383432567417613335e-01
1.631733009825416136e+00 2.908594762920523102e+00 2.179686257393213644e+00 2.164019001605632653e+00 1.111941351443558990e+00 3.306018846211934648e+00 2.659131173221645383e+00 2.940631290938149789e+00
2.796817803865926599e+00 1.809152160433840972e+00 3.343614048166549502e+00 1.969768545168147700e+00 3.057536651463218291e+00 1.103083327591362073e+00 3.464929148439651829e+00 2.359658519494904905e+00
6.490178334625544831e-01 1.804408966581822815e+00 1.308751681355333485e+00 2.478310366737307202e+00 1.895291754344164969e+00 1.471336072018810004e+00 2.154893823915684958e+00 3.078388172945039081e+00
1.156218012673465356e+00 1.290558228611773384e+00 1.147799587464430671e+00 1.779465587770915125e+00 4.091347933939395887e+00 2.365817843465291670e+00 1.377637028350332971e+00 1.080077683629415919e+00
1.264694278588686771e+00 2.542284493720219807e+00 2.410524548992244220e+00 1.049663803018350494e+00 2.033960261414831994e+00 3.948887896874210490e+00 1.064691252690728396e+00 2.485284026089304099e+00
2.767263189706928195e+00 2.517739549434767632e+00 1.903098203236550656e+00 1.988370344416177993e+00 2.108598895279531593e+00 3.992969402172284799e+00 1.659321062363823707e+00 1.703208092824301190e+00
2.767870719876678987e+00 1.416946917148296015e+00 3.921393516392237544e+00 3.445911685281595638e+00 3.279278798714722498e+00 2.534073669333832601e+00 1.296282717824013275e+00 8.606945762461273297e-01
3.382771707210190382e+00 7.631184367032014526e-01 1.068646643905241778e+00 1.940011631343937282e+00 3.691439927986992053e+00 3.427520634720182091e+00 3.312444447058090713e+00 1.038807960487597715e+00
1.651942652675966627e+00 3.089893326655430705e+00 3.423007323300039761e+00 2.298293672590525638e+00 3.408228812062964685e+00 9.848041180744824263e-01 1.391434655228792616e+00 1.295911831376427292e+00
2.833282673766155391e+00 3.324208502194405224e+00 1.338244762904980067e+00 4.030598106826279725e+00 3.731266042504424618e+00 1.716421958867906161e+00 1.949852891289773016e+00 1.007518060222140299e+00
3.404432258777507325e+00 2.786158448531275145e+00 1.371065716814862556e+00 1.756746484711553702e+00 4.049999709830728101e+00 2.087655270659065199e+00 3.663186707899301009e+00 3.531192707228266503e+00
2.370551964411310664e+00 1.219336656577604483e+00 2.766934565439024940e+00 1.814551696730115182e+00 1.327357161821946407e+00 2.380674448322654957e+00 3.110298946986920665e+00 2.014045106185029077e+00
2.737561569339276968e+00 2.041625760959500546e+00 1.542776951073512981e+00 3.473031709510082443e+00 2.650800572316428294e+00 1.138693166954456437e+00 3.110798716791702390e+00 2.403898973063659739e+00
1.913829406780052533e+00 3.286383467211846376e+00 2.773440358381896953e+00 2.724271716358965811e+00 2.471627007952617028e+00 3.935962008535190293e+00 3.389994298359336522e+00 1.661455036680118624e+00
8.427144059137658960e-01 1.470703283961343200e+00 2.963185481806428712e+00 1.753073772656331020e+00 4.096461668924403554e+00 2.389700668284892693e+00 2.639348684644497123e+00 2.076498441997999045e+00
2.206078662862616113e+00 3.283328411686632808e+00 1.561140584157043154e+00 1.651781338641446162e+00 3.224917019102001348e+00 1.111577347183566822e+00 3.756352624526312578e+00 1.214168517270930003e+00
2.936179228603452263e+00 2.158559213747601735e+00 3.763821872332737684e+00 3.935050838330410805e+00 1.229043873796134001e+00 2.232452166266376103e+00 3.532704987505884020e+00 8.051677502324445790e-01
1.730271043167474598e+00 3.221165739616748791e+00 2.353078125572695800e+00 2.409176711056401743e+00 3.671969885030782699e+00 2.806843623158370882e+00 1.846411742229976394e+00 9.456770076464937613e-01
1.271791436430612654e+00 7.703523607409320517e-01 1.537646692230935086e+00 3.397885006162855603e+00 1.907131590588274195e+00 2.983524232482942740e+00 1.043735971066658497e+00 2.255978838325574554e+00
8.768902833841003552e-01 1.616313286582123032e+00 8.511530342822748452e-01 2.120636942846564565e+00 2.401829805525828032e+00 3.599589068768699551e+00 3.585090722265326768e+00 3.030478412080797046e+00
3.495669088015652903e+00 3.343580605515887871e+00 2.469526908935582910e+00 3.968208905084051885e+00 3.951238906388542915e+00 1.236180759919049521e+00 1.584013566301353926e+00 3.688489357711209671e+00
1.301445344008719029e+00 2.134039479871444378e+00 2.277538559946906460e+00 3.789694370772918930e+00 1.093396510051257930e+00 2.297565754468276822e+00 1.809650488009559854e+00 3.427250600172064399e+00
2.720923568251639946e+00 8.034600530672812990e-01 2.664868818252570826e+00 3.685175313656708695e+00 2.434366550867091306e+00 2.893630744949797329e+00 1.136847708837384507e+00 1.010998065880819974e+00
3.341120872396515562e+00 3.323426475368802979e+00 3.485514212428023839e+00 2.544236908570307154e+00 3.279343643180881784e+00 1.396950488501462750e+00 1.231035022331361528e+00 2.666969458226593925e+00
6.381504550601122538e-01 2.345799283111439593e+00 2.110620624291503322e+00 2.533480133352931318e+00 1.632250568251333966e+00 2.730136330021117885e+00 2.567440070097798621e+00 1.755424965757609090e+00
1.856936542716880467e+00 3.354729891187476554e+00 2.170629743212211249e+00 2.232252312294054963e+00 1.820256867560080316e+00 2.374628648304938583e+00 3.809952905725667360e+00 2.855173228150446274e+00
2.992828229749117330e+00 3.018476907906826767e+00 1.413104521756735288e+00 4.026818260082460021e+00 3.207728194322194248e+00 1.513649532824735910e+00 2.918760497416464705e+00 2.759958842955553493e+00
7.924151719592433807e-01 3.652768833121463388e+00 9.912361991311128273e-01 2.506973025449363845e+00 2.166094488935690343e+00 2.710035682936948298e+00 1.404706585246182637e+00 1.362960533342576941e+00
2.069871979849655208e+00 8.774561587875504554e-01 3.383649161846215225e+00 1.237505160414278382e+00 1.977429484613143273e+00 3.615699630957340815e+00 2.854601794877140275e+00 3.162632006692709385e+00
3.023020472696662964e+00 2.040398065007797079e+00 3.029530764031811430e+00 2.862596791703378774e+00 3.406723980217242875e+00 2.575839468403641863e+00 3.035462814386042929e+00 2.463190889432991248e+00
2.504031840378535101e+00 6.720257233132709285e-01 3.074039930497059370e+00 1.323963749671513979e+00 2.333491300770854870e+00 1.776006167039172912e+00 9.386440351480180855e-01 8.951568543590582294e-01
2.970114856599634479e+00 1.904007036246598839e+00 3.059714032833795727e+00 2.321723348704304524e+00 3.707545304340642112e+00 1.605928811540852319e+00 1.066212441198036931e+00 1.020656833661883756e+00
2.350272942865732961e+00 1.529538230806830601e+00 3.035348441807959485e+00 2.066698891824432671e+00 1.234107702373635540e+00 1.656814857999264312e+00 2.603313730524623448e+00 2.986625753502023972e+00
2.395239381684844293e+00 3.587844102663029666e+00 2.605979350435960296e+00 1.419847498044164658e+00 3.997562745961298347e+00 3.452400775114520481e+00 3.689037507994619602e+00 2.666991365394972391e+00
6.747502358150267998e-01 3.391948016174614278e+00 2.094634437047809605e+00 4.038091908736954672e+00 1.394265887383250524e+00 3.158451965934922168e+00 2.199226005806075968e+00 2.864351918460123603e+00
1.006645891738747967e+00 2.665228943893018343e+00 1.419392168643434093e+00 1.465314927462694428e+00 1.265261882040064290e+00 1.259887130090171503e+00 1.489143643757046442e+00 1.794605246755151651e+00
9.084774135741956469e-01 3.136691441852072160e+00 2.777830168997513560e+00 3.603654386711920843e+00 3.817374913955463356e+00 2.780334605078241594e+00 8.780613033628159592e-01 9.247661691406645623e-01
3.298552920625046347e+00 2.156839362545042160e+00 2.087017388016628061e+00 3.531101354942786763e+00 3.621727457705693709e+00 2.243481748905560291e+00 2.514442523494406334e+00 2.271721171521525307e+00
7.341258365478079417e-01 3.170522315479662456e+00 1.803095589582166536e+00 4.067767179250493470e+00 1.328895929885764327e+00 2.002372927866085561e+00 2.172017522470012008e+00 3.246286371814101290e+00
2.802290821840440316e+00 2.243883221535620365e+00 3.500093377290426133e+00 2.786992913226692181e+00 2.683386641614457169e+00 9.529060215862952266e-01 2.735525887460191097e+00 3.136952679889934981e+00
3.126031268031616683e+00 1.476694864972972754e+00 1.270648913472459896e+00 3.659003799637828180e+00 1.555971550324417141e+00 1.659304230324379237e+00 1.181859537462548460e+00 2.477673630718005615e+00
2.366830984566233198e+00 3.173726853199166253e+00 2.212451882563639671e+00 2.218158871435005786e+00 3.735222402308163048e+00 1.250755270984890144e+00 1.029485592122423077e+00 2.883931119296313739e+00
2.440695560784737594e+00 2.095598024851150321e+00 2.211363730961340313e+00 2.205890322380072099e+00 2.437950142060754111e+00 2.788724183313613825e+00 1.840119296608187849e+00 3.137440856194766425e+00
2.156027735847455329e+00 2.566312036832327337e+00 1.588236621579278918e+00 2.573536119562785274e+00 1.973233022701767148e+00 3.299477272887241242e+00 2.473161071040060666e+00 7.843875258158650166e-01
3.201007828670909827e+00 2.814680980982619651e+00 2.985639236429322718e+00 3.831770113652105181e+00 3.945460146758346553e+00 2.994796492391436527e+00 3.837739519010901823e+00 2.745555525662320751e+00
2.992724599538608476e+00 1.704457485185617127e+00 3.720265897874306393e+00 3.338879982628863097e+00 2.967037723750035383e+00 1.736976290528387423e+00 1.996918711679579239e+00 3.456909717320617137e+00
3.060079689293222938e+00 8.088994112634060318e-01 9.447095191280461268e-01 1.985497211581842336e+00 4.059019958413160545e+00 2.788831401715278435e+00 1.522239412339322584e+00 3.581431378833466628e+00
8.021155661842971352e-01 2.672660777242356289e+00 3.512288001067663590e+00 2.605193336874431331e+00 3.568736713095241875e+00 3.694658610249677899e+00 1.606010105313600445e+00 1.200920364209486779e+00
3.082664072767410168e+00 1.624320759798061120e+00 3.294352179754244325e+00 1.747578477607553804e+00 2.658406114082342064e+00 3.102508542973951844e+00 2.236738421229468532e+00 3.637672817927144475e+00
3.490110006583520885e+00 3.311226022195939311e+00 2.457949400508486981e+00 1.262130988625469463e+00 1.325213564033927538e+00 3.490369197962077230e+00 2.285783052692749617e+00 1.499154631307515917e+00
2.836283879690549625e+00 1.039318220995849362e+00 2.942197340849462606e+00 1.726791054647754065e+00 3.176197306560977651e+00 3.506872687087737805e+00 2.641714530556993346e+00 2.379671385226088454e+00
1.329253841554460358e+00 2.401752604503901267e+00 1.637824288609845524e+00 2.673048875181088135e+00 2.363085005862201271e+00 1.787803985866282641e+00 1.408294914976325085e+00 3.617857548520516442e+00
2.964084816813174150e+00 1.417262513062977902e+00 3.892230193825766627e+00 1.533360974014565281e+00 3.593827235506869222e+00 2.317476559450539320e+00 1.404522638384439581e+00 1.534699651413893751e+00
1.755775697450821404e+00 2.249306689097904766e+00 2.953561260140805445e+00 2.932005335639360055e+00 2.833577143953748489e+00 3.829400589719852643e+00 3.743118777494858662e+00 1.912205976261593499e+00
5.898442460991841774e-01 3.467859102513268788e+00 2.420320891115493644e+00 3.608266570409343288e+00 2.774768454784552585e+00 1.193186919758487230e+00 1.426438798486819204e+00 1.559981087897969854e+00
2.679958996190768161e+00 2.273001764509652745e+00 3.804471220540541765e+00 1.400817343087423783e+00 4.032004178887645729e+00 1.383168948418259658e+00 3.613693120584859475e+00 2.791654604042691723e+00
8.967436767350936977e-01 2.897749657366881948e+00 3.773273719390536129e+00 3.470146451203959259e+00 2.670461882683816679e+00 2.289301242110299395e+00 1.080304769439153656e+00 9.222728918796235797e-01
3.408247589019290924e+00 2.418846826450705478e+00 2.727694865555958081e+00 2.696853829055214646e+00 2.542664990721569929e+00 2.266414881592342834e+00 1.243508411441619721e+00 3.524635606667984256e+00
2.851705468618973338e+00 2.878538694142232846e+00 1.907522619908845085e+00 3.922491462293164588e+00 3.191797421072034346e+00 1.839309851485289027e+00 3.039797424985972718e+00 2.748751782747321126e+00
3.173141935442056472e+00 3.423388392611302677e+00 2.960534599102422337e+00 4.018113750395101214e+00 3.906879307791103706e+00 1.701147217501319586e+00 2.014799657237952957e+00 1.657150559792972988e+00
8.405317416147581877e-01 2.826859089390657331e+00 1.668287684622335565e+00 3.917525190580348315e+00 3.534852718791195336e+00 2.171225354937035945e+00 3.467366014652959461e+00 1.359542150008788530e+00
2.503451588858914612e+00 1.330321878185733109e+00 3.509443258657221065e+00 1.881312471773974870e+00 2.611808526880387227e+00 1.769946098554327385e+00 2.624573230763245668e+00 1.779674146139117674e+00
2.407851149592979745e+00 7.944044448147874471e-01 1.131129907517315569e+00 3.633057291588698057e+00 1.143652907246033523e+00 1.420222059293889671e+00 1.907662626273612272e+00 6.245794834557141240e-01
6.809618892011511937e-01 3.084612582957058535e+00 8.680124909693791579e-01 1.719156493732059143e+00 2.712427309673543618e+00 2.803328354982860926e+00 1.991050660168827147e+00 1.766242197743278730e+00
1.308881956236520150e+00 3.236535727053639011e+00 1.192207057063797260e+00 3.766311114487339573e+00 2.703051851105972236e+00 1.359661254574928257e+00 1.157769573230543525e+00 1.499536172738980655e+00
1.092458339083274721e+00 1.809382077202820183e+00 3.482431760474529625e+00 3.062424746378195728e+00 3.833311045061691402e+00 3.298960077312802497e+00 2.777025319574488282e+00 1.486372968944963402e+00
1.742163723075560000e+00 2.607688411238080484e+00 2.030234067726500502e+00 3.208739909538202539e+00 3.547433853514796454e+00 3.288511635806587119e+00 1.196126850429677368e+00 7.050301764464187437e-01
2.660023481591281325e+00 2.985958150434031566e+00 1.100648621258731641e+00 3.483352315080861850e+00 1.519279169498800375e+00 2.641313055275853916e+00 3.672970620506527339e+00 2.949865256246397838e+00
2.428484075804905107e+00 3.193917338308090326e+00 1.020558646667609981e+00 1.084248510346960570e+00 2.276565596260472724e+00 2.505797034664795753e+00 1.120289883346532900e+00 2.497468058469953345e+00
1.376675612067240095e+00 2.052078344908152552e+00 2.364131018522449335e+00 3.728098692983893514e+00 2.304811478602410091e+00 2.834060082256764979e+00 2.353572883725844278e+00 3.283783643945734187e+00
9.849368607598401049e-01 3.630173958740301021e+00 8.578228547205763999e-01 4.011262939691952134e+00 2.792698442645414225e+00 2.973954010017699545e+00 2.938777190380452264e+00 1.839546472260440879e+00
2.642307198844331850e+00 3.153374358991983595e+00 3.658401631081765526e+00 2.817943099760040315e+00 3.103014724781070655e+00 3.907876737729038208e+00 1.362227874914494485e+00 2.022002353719784207e+00
3.348353244496739656e+00 1.867388923186945160e+00 1.276114014546989361e+00 1.556275424946208297e+00 3.089911608560947265e+00 3.179511813472936321e+00 2.739702173889086989e+00 3.217558258413350636e+00
1.241373620029799785e+00 1.488858130706867566e+00 3.705441027672081944e+00 1.864532878163851048e+00 1.699188974746013603e+00 1.809167825725368495e+00 1.710526780257441981e+00 1.428025026920038965e+00
1.465890001867958592e+00 1.455164537167487726e+00 1.968626245395075802e+00 2.940943405151058787e+00 3.203432323343625043e+00 1.888440800061422564e+00 3.366673335320181426e+00 1.200544728277249451e+00
2.920383773890210755e+00 1.610060686363119720e+00 3.351865089456952607e+00 3.731819815007638930e+00 3.224909879903735010e+00 1.041749002606708663e+00 1.462050424425845874e+00 3.535393939856859902e+00
8.309852696728960986e-01 1.810574804311885444e+00 3.163502502500785241e+00 2.802662378370053720e+00 3.996671266490274377e+00 1.028426227796519044e+00 3.690651074864151671e+00 2.018946537964825261e+00
7.036028291002286439e-01 2.713355761833504687e+00 1.770410871313923273e+00 1.321256373757484281e+00 3.202698764918471497e+00 2.870319838424943537e+00 1.465700259139573802e+00 2.866905128576872741e+00
1.887739228051059204e+00 3.505617961454202902e+00 2.073509130378257570e+00 2.220565573299015938e+00 3.645049751114561865e+00 3.986250053350560041e+00 1.928089470547670103e+00 3.465147951560269668e+00
2.317783218098410813e+00 1.059967931861401258e+00 3.627926213563275937e+00 1.732000241069857838e+00 2.132861567572144956e+00 2.566456684058340709e+00 2.592886577201294784e+00 2.232209711166488475e+00
2.726864370096615087e+00 3.678199230880556669e+00 1.422633420775340163e+00 1.549446931097726132e+00 2.586726924564899832e+00 2.931731044261721042e+00 3.336721080718704879e+00 2.097626111930909421e+00
1.538329188143688242e+00 2.059915038315160096e+00 2.152763031263335236e+00 3.534007063181396902e+00 3.641752522318032703e+00 9.370380497751719107e-01 3.347423325213588541e+00 1.625797608517651760e+00
2.065069933497995169e+00 1.962749945266482277e+00 3.541146576729921946e+00 3.962500320246965302e+00 1.884569619468571933e+00 3.625306971970929215e+00 3.728082963271188710e+00 6.171772433328895913e-01
3.409763641937141987e+00 1.781298813314719176e+00 3.450696652042080093e+00 2.570000274042031130e+00 1.629411647294768617e+00 3.015789818224589691e+00 2.325669082450878999e+00 2.363601343004001265e+00
2.333630673463823690e+00 1.411439648591153784e+00 2.902890882932511296e+00 1.725082597563213138e+00 3.876838502554445398e+00 3.541383760214948495e+00 3.175162539871016154e+00 2.066123596685784936e+00
3.175735896532588143e+00 1.023298784690772179e+00 1.710155286488449278e+00 1.425684909181597959e+00 2.708506861267338195e+00 3.734692832971344245e+00 2.004444059937235956e+00 1.270457470954995616e+00
1.834648103908198102e+00 1.489913546271095512e+00 3.689257793267695540e+00 1.175885294165799566e+00 3.387278473305654458e+00 2.407016970720368132e+00 3.107916209573098776e+00 1.161353161873203144e+00
1.780632556304449832e+00 1.884239565346442991e+00 1.429926559406202502e+00 2.827098528984974379e+00 1.789658554800197532e+00 1.356243573458035589e+00 9.526989280519390091e-01 1.010568805761817401e+00
6.832999492962064103e-01 2.657984547391042174e+00 2.943490141792560078e+00 3.926718934018259333e+00 1.474896818564589207e+00 3.023704486818909576e+00 1.774200937893315011e+00 1.925596767636811979e+00
3.175625586372824216e+00 1.189050532450833142e+00 3.299253902362388136e+00 1.706108338945499847e+00 1.673868807403597447e+00 2.614321094998161232e+00 9.005180239586709767e-01 3.254376591575810718e+00
2.437012550803006494e+00 1.480665792585549978e+00 2.284606116172786194e+00 3.923064388091521693e+00 1.030414398455305358e+00 1.569483571973845137e+00 3.023974133203516157e+00 8.463371994332660186e-01
3.144819671283471063e+00 8.892347698547022894e-01 2.523648737499872396e+00 2.072514408803222796e+00 1.943159345438511654e+00 2.674167084592431465e+00 2.216525791212810237e+00 1.950274960316130457e+00
8.111034958816119023e-01 2.009554448703084972e+00 2.787457357174276673e+00 2.972978620721571374e+00 2.950401486192618439e+00 3.832057082383877322e+00 2.924157514429662985e+00 1.585021399948531862e+00
1.547999267071630047e+00 7.000119684579950707e-01 2.404764235603927602e+00 2.846367006965153656e+00 3.159724514255713324e+00 1.338308668420198355e+00 3.000909351969274663e+00 2.187375053803482405e+00
1.908309625196291215e+00 2.904120115206682673e+00 3.494026892030067888e+00 3.977451568499741796e+00 1.940923382449121881e+00 3.268547517412041525e+00 1.823912457832260525e+00 3.444626654763399465e+00
3.023166176007373362e+00 1.858070116173383246e+00 1.891846920790439812e+00 1.918636620417816907e+00 2.963405020131335110e+00 3.919075018696830170e+00 1.863241973595288759e+00 1.304688446237331156e+00
3.016420884768726385e+00 1.329296094317844901e+00 2.885555350194017432e+00 2.081311080480667819e+00 1.523607384160148293e+00 3.025697837710392246e+00 1.379817278327623242e+00 1.766614708790916310e+00
2.332759563979105444e+00 7.120347322008762081e-01 2.958088966952833410e+00 3.853611472942433558e+00 2.246820513490277449e+00 3.646339972745425762e+00 3.625855697694036817e+00 3.343413008626084260e+00
5.678832851466285581e-01 2.482765324641027505e+00 3.483554879944734228e+00 3.543215568166266038e+00 4.053537775988784730e+00 1.940752352667369784e+00 2.617645981778635278e+00 3.306691059000872013e+00
2.449064499008072993e+00 1.456553997960216895e+00 3.723835688525916510e+00 2.511213456799580079e+00 2.231176448584518912e+00 3.636597838642088742e+00 3.248572560124120212e+00 9.963000552002168053e-01
1.758873714688523382e+00 2.749736800829578609e+00 2.695382542797789327e+00 3.133742276776779079e+00 3.785487311045814707e+00 3.485898821432107386e+00 1.117671963354430753e+00 1.905160782144883047e+00
1.794667042624180642e+00 1.979698359845906808e+00 3.322338627451192128e+00 3.793100499506563139e+00 2.370063770831277505e+00 3.548871765844392456e+00 2.577162067436551407e+00 1.232675974846174416e+00
3.150914825859597812e+00 9.730748723474680340e-01 2.320803865497041762e+00 3.788754863749941748e+00 2.955687797322342103e+00 1.251619350100499739e+00 1.114530467643882305e+00 2.119538539959672896e+00
2.730523828652042795e+00 1.369209573026435312e+00 2.506809685229291595e+00 2.231673262961454629e+00 3.290793114283259158e+00 2.912499616325638918e+00 1.009316323106093538e+00 2.040428562382586186e+00
5.741562476203125875e-01 2.241743178097198808e+00 1.065994665484140569e+00 3.346479075503445699e+00 1.961178958893900148e+00 2.642483252314402620e+00 1.530630727471173458e+00 1.830106992986944903e+00
5.954809367419084953e-01 2.693902121517509851e+00 2.791154381472872981e+00 2.769432567932117450e+00 3.590680112038543648e+00 1.158086622333798221e+00 1.970030201499839428e+00 1.914258609275493406e+00
8.462794091462126911e-01 1.003775542880235960e+00 1.275742902658641542e+00 3.973725363313158176e+00 1.653389735044360709e+00 1.917814386876078192e+00 2.063813180610317932e+00 3.157756107557194269e+00
2.561514232253968348e+00 2.881000708495713880e+00 9.511228375400908597e-01 1.571927184247323694e+00 1.440271921902891439e+00 2.377223471693598711e+00 3.184953509578278830e+00 6.356148363507678756e-01
1.025463571746529468e+00 1.842693579443386964e+00 2.616834245709880324e+00 3.063674591472395292e+00 2.753970302707009488e+00 2.939352571867132724e+00 2.141261219873214827e+00 8.853016824440416155e-01
3.018545088879667659e+00 3.127421531567439850e+00 2.991930295011218988e+00 1.540982539014422947e+00 1.185423940405541776e+00 2.580974548114681077e+00 2.169814946493488161e+00 2.725104229548235057e+00
3.439298545269536156e+00 2.036857730277541023e+00 3.909088101996084585e+00 3.923654929951271519e+00 1.735095055380395657e+00 3.575764252350732697e+00 2.358854974482651023e+00 1.881667768486519954e+00
2.483743663132811363e+00 9.236026776356742740e-01 1.791556411572806429e+00 3.891091348002288619e+00 1.918016173324190721e+00 2.170381169795912335e+00 2.770931561191904091e+00 2.605038808344510404e+00
2.996302079026441856e+00 3.518540824825855839e+00 1.652621674090693382e+00 2.994273320938111382e+00 2.068010459955002212e+00 3.423821323504142811e+00 1.734277833751240117e+00 1.326244803047493814e+00
2.532323400798154989e+00 1.312640763578299063e+00 2.025091248673259514e+00 1.753224330011349474e+00 2.661359954173831532e+00 2.020047980967214496e+00 1.006232083688576306e+00 2.425518841157951133e+00
2.884965062024243743e+00 3.460338322963893987e+00 3.553533593860843887e+00 2.251960615308409075e+00 3.313646304051589553e+00 1.100300839027819499e+00 2.102735931126389346e+00 3.295183141066555077e+00
2.210047140310011926e+00 1.836327522054724382e+00 1.453843845649895439e+00 3.901167288109215647e+00 1.894847752722254919e+00 2.716441882222222937e+00 2.158499204684261485e+00 1.477841522592903800e+00
3.422244432586452501e+00 2.992426195179084480e+00 2.623407457858936809e+00 1.108745656028267579e+00 3.551079376100394036e+00 2.486166016527951328e+00 2.333411070663308884e+00 3.673176220419764881e+00
1.659376925137672210e+00 2.894866251696204706e+00 2.262531786571856607e+00 3.603748318785007676e+00 4.028637357428952015e+00 3.484125483194397965e+00 2.298844110730781765e+00 2.820945201397928592e+00
1.230773772655459730e+00 1.852259939054357707e+00 2.585216307192674368e+00 3.387856075362648767e+00 1.368632306952583200e+00 3.357521957961563608e+00 2.711829035065744353e+00 2.052758591338395888e+00
2.118389428771756400e+00 2.905515448653474220e+00 2.424397301838619789e+00 1.678360871430962131e+00 3.117756412558804868e+00 1.468725502004462946e+00 1.580464962429722675e+00 2.654492377175464046e+00
2.904233086870277258e+00 2.355977728943402738e+00 2.439736862608003598e+00 3.702549545693635480e+00 1.436128768289456126e+00 1.029321808283067519e+00 1.810403768730152407e+00 2.179735317670649319e+00
2.415691026140303066e+00 1.451543620997764350e+00 3.309691295904247710e+00 3.019147990778406232e+00 1.671081441085614516e+00 1.667748176202952903e+00 1.345929627145812102e+00 3.053084601662054531e+00
1.411514973320165733e+00 3.709942519612446699e+00 2.823605330284338244e+00 3.797431296784016475e+00 1.576992400802490257e+00 1.341081049897329569e+00 3.070945714088893830e+00 2.211316105084581096e+00
3.403799900257809874e+00 1.854774929007015460e+00 9.908446529575101192e-01 2.142256323572911292e+00 3.839418964014000402e+00 2.275670671954526991e+00 2.222264900041050151e+00 1.868187028235857916e+00
2.945671470733476127e+00 3.122828297161304612e+00 1.350453249621267560e+00 1.665138143683357885e+00 2.616576325702074879e+00 1.733834210483441662e+00 1.845097997068660955e+00 1.419987857788397090e+00
2.674018769622293235e+00 3.409966887167090732e+00 1.493790118540834211e+00 1.642715304985950642e+00 3.481382958762940127e+00 9.438336567578182734e-01 1.639641668740106528e+00 2.804900679830347077e+00
1.794692323082747176e+00 8.226770782580381525e-01 1.024882515740096256e+00 4.069718519218922026e+00 2.472753415165036550e+00 2.989158015125079615e+00 2.794336099044782085e+00 1.914921831979304212e+00
8.113074028437616825e-01 3.665911117899595340e+00 1.159541804534415910e+00 1.344932274421438700e+00 1.619131105688468963e+00 3.158430014733252467e+00 3.771296200637973328e+00 3.432486821410199784e+00
2.812924598141125720e+00 1.868337786720217553e+00 9.456993620838011205e-01 1.363908814048253371e+00 3.220563912984227173e+00 1.826812381314495859e+00 3.685456517481696004e+00 2.311436982135752771e+00
