-5.862724932286548452e+00 -6.520506690480034173e+00 5.327482250286979415e+00 -4.379170793666925299e+00 -8.602205208881528620e+00 7.981511566620665299e+00 3.357258591076267340e+00 5.659360753925211540e+00
-4.254222125296518442e+00 -9.444186093677727101e+00 8.771117862960907674e-01 6.585516541325216799e+00 -8.955561960438917168e+00 8.000756158897674553e+00 3.517888333195034356e+00 7.834663527733870758e+00
-3.044555159224741292e+00 -3.274376167029281692e+00 9.799750594827154160e+00 -2.678020898627528866e-03 -4.915119667784225932e+00 7.608170606093591637e+00 1.326197395376849109e+00 -1.513864667126981534e+00
-1.014069532189997602e+01 -9.761662402307365483e+00 7.293728938403914341e+00 3.767261040839276820e+00 -1.304697852860443041e-01 6.938054442456618176e+00 1.790358275989458736e+00 4.893588854640995578e+00
-3.021610574533267979e+00 -4.950884734779188001e+00 5.466575287162837249e+00 -1.661426179448622475e+00 -5.493418910965440993e+00 -3.909028228383112924e-01 -1.717990680274234794e-01 3.093454607394334754e+00
-7.946790389181967562e+00 -4.332155440628188359e+00 1.180687357333246146e+00 6.488494839966977956e+00 -7.064589878956672564e+00 4.017247697342801516e+00 1.855658548971969468e+00 -5.885766739883424581e-01
-2.044334781538898582e+00 -6.385702020657133104e+00 6.629173247497920585e+00 3.604328390834017348e+00 -7.103992395926234771e+00 6.345068397712303465e+00 -2.872676639778830143e+00 6.431275625997341372e+00
-7.275466894074887669e+00 -1.143890980815192826e+01 9.358297185208533264e+00 5.142194230625690032e+00 -3.230722984577312773e-01 -8.533334066307893817e-01 6.056373129063002736e+00 -3.269913258612884732e+00
-7.964065343731244750e-01 -4.608587109444733265e+00 1.484478548770291839e+00 3.044592372348827958e+00 1.935701128457984144e+00 -5.458293368748865504e-01 1.556790696921375838e+00 4.505436503097208778e+00
-8.579221371354346815e+00 -1.156671180336555471e+00 8.292216496717260910e+00 -9.349932656767939720e-01 -2.626470626766613581e+00 4.572772521219427233e+00 2.637928665930416638e+00 -2.788143633009793287e+00
1.774644545718302213e+00 -1.604033273179210628e+00 3.607912492131721383e+00 -2.812040694745583824e+00 -1.042840604531886228e+01 9.467653088081746660e+00 2.226444964041696117e+00 4.942875661311733060e-01
1.466453026076339539e+00 -1.392585075757911461e+00 5.651679060139284339e+00 -5.563430111148407464e-01 -3.286326300640403542e+00 3.804778137007253758e+00 -3.313276431595284510e+00 2.422982813943411973e+00
1.913540720654485883e+00 -1.145263558600316678e+01 3.378428873819335543e+00 -4.036358650822449157e-01 -9.737328972044752007e+00 1.865671380566237714e+00 -1.711110725919777198e-01 7.286362884657584083e+00
-3.681039763733830572e+00 -7.917909642580488239e+00 6.054092673840415273e+00 -8.654502584180033820e-01 -8.695382686756984114e+00 8.931601075879582297e+00 1.202591210531992694e+00 -3.795255263899791065e-01
-1.392984600447889409e+00 -2.161568451839372074e+00 1.223557944578194068e+01 -1.073028872577542980e+00 -3.570643417710722023e+00 5.016817082473845169e+00 7.157762082635694689e+00 7.900428492558692284e+00
-2.139475486512385505e+00 -5.741193324668016018e+00 1.224483359050940123e+01 1.963224259344028833e-01 -2.588178883744972403e+00 2.566694762059666512e+00 2.648109482884259069e+00 -3.830296318943648526e+00
-5.293034557683220065e+00 -2.425381908910852147e+00 -2.355175108472717938e-01 -3.309225901981426965e+00 -3.205733570499512464e+00 5.234788255282496472e+00 7.209782651590453284e+00 6.047631985647496045e+00
-2.364128617036082236e+00 -9.343678604246637320e+00 3.640143169777958931e+00 3.007709361608250642e+00 -9.897269978477483576e+00 1.045406380932221602e+00 7.838448805030681754e+00 -5.492538267971995847e-01
2.389343441116866806e+00 -1.024027885270664484e+01 6.611260181172465167e+00 3.035089076160906618e+00 -8.677965450899177924e+00 -2.598587696497266286e+00 7.469211220271922969e+00 7.144767765504651535e+00
-7.411903118999886075e+00 -5.844210742696767547e+00 9.137460752079789472e+00 1.992222115333107446e+00 1.643605173315149548e+00 1.806595023282917822e-01 4.922702049702907701e+00 -4.057301798115282132e+00
-6.477989542343443041e+00 -8.891798286273743912e+00 1.130076494358329420e+01 1.561038549771110118e+00 -3.958201303473274368e+00 5.901841160960901611e+00 7.687411043380373066e+00 -1.377223132241353287e+00
-2.431051793150847296e+00 -3.220589062365844857e+00 8.433027388958256321e-01 -2.639492932569048822e+00 1.195893957348044045e+00 2.077423195677125634e+00 -4.471424277885232001e+00 -1.865170641142608110e+00
1.782778495755881654e+00 -1.071658422589851689e+01 -1.764328085296315296e-01 1.300498587928794914e+00 -5.361032566099905416e+00 -8.578057875815245925e-01 4.693398825340532099e+00 -1.039580050474615824e-01
-2.884997951534813421e+00 -7.030925673106686702e+00 1.077985706539210931e+01 3.306635909229033832e+00 -9.694516253652558646e+00 2.971364610951212182e+00 4.259175442100650244e+00 5.343151181674313577e+00
-1.026866831612531250e+01 -8.993823382280105250e+00 8.816835222209597589e+00 5.901740313994539910e+00 -2.585955223227722755e+00 6.701572246816367429e-01 6.496495233338551500e+00 2.653908493643243549e+00
-9.524905437393256236e+00 -5.258079112678952782e-01 8.791539115253643288e+00 4.732942056404267350e-01 -8.394151871540721288e+00 -1.557571326111801380e+00 3.384850775100580300e+00 3.194171315627225560e+00
-9.741441695248582278e+00 -1.300191823458596518e+00 1.237017267122513786e+01 -3.375722263660616562e+00 -3.795559228401810259e+00 -9.654879564571159367e-01 1.009736400458777439e+00 6.388789221250728012e+00
-7.543582050723180998e+00 -3.603863764997728758e+00 1.015932972401518697e+01 5.757047366135525479e+00 8.178882445764794618e-01 8.717625246708665898e+00 9.960717415706411559e-01 7.372111344475493766e+00
-2.664767724764086410e+00 -6.435649788110899827e+00 9.774366418477026031e+00 4.295964786268746671e+00 -9.151173390426228238e-01 5.992244037637939336e+00 -4.788955504041767064e+00 8.792693688591070256e+00
-9.436742948880038284e+00 -4.864315940269485217e-01 1.170022577907159578e+00 5.517428445788657321e+00 -9.690209185684617310e+00 4.184997737200043311e+00 6.422864917452014488e+00 3.988114935184923215e+00
-2.671585701303655469e+00 -4.903999038991423198e+00 5.374343965029514614e+00 6.123458626360625878e+00 -2.737482909279246091e+00 9.279008165561190680e+00 -2.132176614411004589e+00 7.085017707148526078e+00
-2.457142921924423629e+00 -4.952200344538696619e+00 1.094916525761468051e+01 5.434326957793781609e+00 -1.870473135285017685e+00 2.300461308516061010e+00 1.709569104065567391e+00 7.438683118804840788e+00
-2.373826359892335258e+00 -2.707659243247442227e+00 2.416366148973947414e+00 -1.984817680092363146e+00 6.193377256281080712e-01 3.780912285642559656e+00 -4.283417314528073838e+00 6.349117666431674856e+00
-5.872395910448009460e+00 -1.259970897495776221e+01 6.294570681268410794e+00 4.382954301400731056e-01 1.265030641652226118e-01 -2.166237016051440367e+00 3.523604403603151525e+00 6.077180079255979805e+00
-1.541785979310603238e+00 -8.408673374601660200e+00 9.470849422214540070e+00 -3.222409673210133718e+00 -5.117459507716685785e+00 2.811919271093834063e-02 -9.938992060077986856e-01 -2.013592398631347091e+00
-3.658389721043122211e+00 -2.492974159975456239e+00 3.232136851245189124e+00 8.413336857240379274e+00 1.266851616178555073e-01 -1.929506952484159044e+00 -4.289946622515901531e+00 4.275648149882903759e+00
-4.386833384557883520e+00 -3.599542050352265044e+00 7.591129095509558056e+00 -1.728411256331664703e+00 -1.051430070183402243e+01 5.349442364349036971e+00 -1.095985628200948581e+00 4.450610010722827248e+00
-3.336626984170476984e+00 -5.655241800019015663e+00 1.031833401219352275e+01 6.454231809751546756e+00 -6.156286124714197783e+00 -2.759165527274702878e+00 7.285893643260803465e+00 -3.562299106698205708e+00
-7.833893351156233642e+00 -4.066426109762166785e-01 6.977868341809553954e+00 6.375837021331543397e+00 -5.091540261501034337e+00 7.948814583390879207e+00 -3.916906762680619103e+00 3.063485892105603625e+00
-5.222725877435257374e-02 -5.006663840287423284e+00 1.087643985754365339e+01 1.695153766897519176e+00 1.419807971423333814e+00 9.266408574314159097e+00 -1.825636771444000717e+00 9.953118682485703195e-01
-4.170222600014681924e-01 -4.969000624241594721e+00 5.640641473703769115e+00 4.609566576075685984e-01 1.237802058607542444e+00 4.230804641164478852e+00 -2.304306745017873137e+00 2.991429792291806500e+00
-7.400261424391307408e+00 -2.198052519286744833e+00 1.243879424684065604e+01 4.730757555890209076e+00 1.215058928027175966e+00 4.814778557338608600e+00 -4.838063639942221883e+00 7.899248536947557353e-01
-9.980703319311828636e+00 -8.229070617900598350e+00 1.287566525589284616e+01 8.354181637335416966e+00 1.192137218722653991e+00 1.774285458586073672e+00 3.760522536791512938e+00 -1.887472110575199105e-02
-1.843312972907904079e+00 -6.955245343908621480e-01 9.004175959892512182e+00 1.604582333999020838e+00 -2.437232865837748896e+00 -1.263220240697714880e+00 4.432334187228430977e+00 -2.439720963026173361e+00
-5.462309719770447103e+00 -1.016525340710099456e+01 1.121486490246415535e+01 -3.437939227371197060e+00 1.968206774194679154e+00 5.463481304699844721e+00 -3.587162055162578245e+00 -3.643735476251194427e+00
-8.868960366499091919e+00 -3.204955691536542250e+00 1.151126534107858390e+01 5.066898097080121843e+00 -3.472817105520143333e+00 3.311807048216445448e+00 5.805825303858796360e+00 7.237769625257612027e+00
-8.332627279717568669e+00 -4.881692670381476695e+00 1.013877393764959933e+01 -4.307788889143756350e+00 9.331954256367126499e-01 -2.438115912370438121e+00 -4.541392374491416639e+00 5.884638171903195492e+00
-8.860269628712240220e+00 -3.139471378827090486e+00 2.259614081990282131e+00 8.444812564522576892e+00 3.515636240669005319e-02 3.791291161570841783e+00 4.576017026705033075e+00 -4.036894745274803853e+00
-1.778046533244920679e+00 -2.776447278338000313e+00 -1.803041822863455657e-01 -1.689642100507934508e+00 -8.712179873971248156e+00 3.637191383732615524e+00 -2.882770867913198032e+00 -7.105096864502079557e-01
-5.230912994221451839e+00 -9.472255795995430105e+00 1.130006331649174456e+01 7.446536816873421394e+00 -1.203460778657049202e-01 9.444174501687195855e-01 5.321056991787520563e-01 8.764753895555262631e+00
-2.272648759424475085e+00 -6.685691480781401630e+00 7.271060796691802608e+00 6.406015672353861490e+00 -7.535362841734555950e+00 6.498969894544022186e-01 7.555667083403159623e+00 7.816502774280832178e+00
-2.068782454064779230e+00 -1.467634005248624085e+00 2.262353472980285218e+00 4.042872092318544830e+00 -8.258720219726040312e+00 7.180468029128663332e+00 5.271088467941763334e+00 6.229991932856926873e+00
-3.272172295849490098e+00 -5.846935466352206623e-01 1.368075788514398816e+00 2.242971722520435307e+00 -6.532436249051986721e+00 1.605430901688737144e+00 -4.160275748986493660e+00 6.578516723799703314e+00
1.462778074771697412e+00 -1.797052343001982466e+00 8.948375743616612255e+00 6.075980591228666405e+00 -5.565668998273116230e+00 6.006790138285131420e+00 -3.643624566261595366e+00 -2.749971341378476986e+00
-2.886044285269163456e+00 -7.273696348890123176e+00 1.006251787937334008e+01 9.847352587050345329e-01 -9.389399598217517351e+00 8.788446232350841214e+00 3.963219373640001209e+00 -8.378787166486059146e-01
-3.258666311448863429e+00 -1.139660517689154595e+01 6.991866611439093937e+00 5.408512866736476354e+00 -5.753029136923779596e+00 1.449035327451502875e+00 4.807691579818962779e+00 9.892852952196983241e-01
-1.002633262733755082e+01 -8.803651506888867218e+00 3.872342873660432616e+00 2.056488334035495580e+00 -6.522293199339052272e+00 7.870375610657601939e+00 -1.128865739003696023e+00 4.685064998063469766e+00
-3.463428391192540534e+00 -8.655388223186085028e+00 1.179244170880127740e+01 -2.845892378216734020e+00 -6.505714020926967045e+00 -4.204965035199210166e-01 4.780267313942270668e+00 3.178907962434600054e-01
4.912977812320487581e-01 -5.430846975360046791e+00 4.852772869580257442e+00 7.578318575988096661e+00 -9.003436902170772527e+00 3.469798609955581092e-01 7.060455493271708072e+00 4.845140340671610701e+00
-7.690917038260402627e+00 -1.261574302885965970e+01 8.609203798581898326e+00 6.256506384296572243e+00 -5.716000843138108856e+00 8.091660931443909632e+00 4.847503981986259980e+00 -2.640142930061905258e+00
-2.211088940274102410e-01 -2.323666322344895452e+00 4.466392793993732013e+00 5.474500268477909160e+00 -2.107478133114301322e+00 8.054115392305577714e+00 3.748734861169577215e+00 3.711623043435358760e+00
-5.072914632027343274e+00 -6.151996889455806361e-01 5.553530562413014238e+00 4.308688583139734796e+00 -7.135228319938076602e+00 8.892024206663700525e+00 2.710786725774878558e+00 4.021256820073274341e+00
-6.530339080401153851e+00 1.184408935695118875e-01 5.874641225750253604e+00 6.326848937239966553e+00 -6.847193560718820571e+00 -3.091775708192847194e+00 1.088075386128698030e+00 7.176019249587331394e+00
-8.057992154350165137e+00 -7.620850291747291116e+00 9.445024427628439412e+00 -1.916618899501192130e+00 -6.477321761160887093e+00 9.541402103400818291e+00 -2.280552765657803516e+00 -3.433436284343100109e+00
-9.804184393609194359e+00 -5.884823246984707268e+00 7.469227481952583902e-01 -1.740330077118706908e-01 -9.043060052056773657e+00 5.918200900460108826e+00 5.602695881865145111e+00 -5.806231414064246810e-01
-4.919210186666087559e+00 -4.105603595972290853e-01 1.254144456553558129e+01 1.605979086408120482e+00 -3.246035612205139476e+00 7.104629038759653348e+00 -7.102697320508573053e-01 2.863017549592715927e+00
-1.258656364080967149e+00 -9.675911063390765676e+00 1.819453182967133653e+00 3.407411806133020971e+00 -7.746540301480210999e+00 3.134640005419282893e+00 7.183092531278322923e+00 7.396036154136117702e+00
2.434013855415481098e-01 -3.714741985883744935e+00 4.979950886297308088e+00 5.880754888438858963e+00 -5.038890697925936024e+00 3.326682291429523097e+00 5.586356268881210063e+00 5.866086702482728121e+00
1.394127338197272525e+00 -6.379510653035734613e+00 1.213068642336069303e+01 8.309306567171022451e+00 -8.588593729253249265e+00 7.390292278815818072e+00 1.270509609825429820e+00 3.469170832060399778e+00
1.086580226628274026e+00 -1.143526262619316647e+01 5.589112989370765838e+00 -2.129425401140023766e+00 -4.626687893524392692e+00 6.447872573201850699e+00 4.553934712122213568e+00 7.044065542430950622e+00
1.572508133845032796e-01 -4.474406821537575851e+00 3.945025869739608115e+00 2.224149829328456729e+00 -9.442381569104538741e+00 7.978625553088377842e+00 6.922242989934187740e+00 7.698542060628696504e+00
-7.798644380204913240e+00 -2.822290895031676961e+00 7.254863507320761684e+00 1.567531664842815586e-01 -9.095278232833654997e+00 3.643057995580058606e+00 3.612978403045537856e+00 6.423458297787489890e+00
-2.335276060422292410e+00 -6.659682091703446716e+00 7.802763951750386617e+00 5.410135897631541013e+00 -5.092893000203758680e-01 6.778678216757234587e+00 -2.143443498926915491e-01 4.249853008871053162e-02
-4.453301746657148286e+00 2.891952507616112333e-01 1.064940597622381446e+01 -3.765477133128799281e+00 -1.316414472403443447e+00 4.344430732174510368e+00 4.002839778944021099e+00 3.975592587207831929e+00
-3.737593912437046750e+00 -3.257973784823499752e+00 3.783502743343217789e-01 -4.236202053297621006e+00 -8.515963736673855422e+00 5.728356372392032547e+00 7.920874853343109478e-01 6.155603400632974065e+00
-6.837603452256984404e+00 -2.741241604547488553e+00 9.952833996949533857e-01 -3.105848073499215989e+00 -4.814071805045332830e+00 4.351056690256958071e+00 5.055964346120917163e+00 5.663644511753931354e+00
-3.567572912923367756e+00 -1.121469280321456452e+01 1.168789515147431679e+01 4.755436466468615286e+00 -3.507505735371181377e+00 6.648073672044521043e-01 -2.019160108965692313e+00 3.878318256432041533e+00
-2.973856493442135651e+00 -2.869920063067034288e+00 -6.730005579636412494e-02 -4.126402355368402830e+00 -9.174521035336660191e+00 2.782928087131708583e+00 5.789608909171812812e+00 1.302711288320112626e+00
-4.305714861984293762e+00 -9.278940776113238087e+00 7.266393367475770582e+00 2.558375897805256205e-01 -7.884655490839704406e+00 2.379991786502385853e+00 4.885363026137244935e-01 7.208986704199244144e+00
-9.309966173612067852e-02 -4.709726946770985023e+00 1.091698360315703731e+01 -1.895212390821576109e+00 5.515799720451360078e-02 8.798194262684223332e+00 -9.258194923772068430e-01 -1.380879960425727138e-01
-8.549074773858930110e-01 -8.700869646653719869e+00 3.673692411970725047e+00 8.352040402015880716e+00 -9.272650349497029154e+00 2.896507830017867047e+00 7.908757879666321322e-02 7.550804748321219506e+00
2.060876319628174524e+00 -9.675377900752112126e+00 1.215207088135190538e+01 -8.069598545306206905e-01 6.185878482473581297e-01 -2.346614616450449553e+00 -5.180828221771109909e-01 3.975716786209951170e+00
-7.967552581095845632e+00 -1.082274544017229978e+01 3.576066232999584482e+00 -7.399933918418997170e-01 -1.033401612112001899e+01 4.323319763407766025e+00 3.610836943380492770e+00 -2.124565400047671471e+00
-7.622376967455728902e+00 -1.595532192680792605e+00 8.761239181164533818e+00 -2.376720965569168342e+00 8.323026786783932485e-01 9.393039977837069898e+00 4.297511062111969871e+00 7.358741199044641412e+00
-4.053082753733988852e+00 -1.828929088015623705e+00 4.494809656653337981e+00 -3.887851144111519552e+00 1.240635366601256173e+00 6.323379271753963415e+00 4.993928197187261553e+00 4.192086716603443008e+00
3.343784161294876545e-01 1.833287231484249102e-01 1.177504815066906474e+01 -3.792724601462483580e+00 1.241657970529485677e+00 6.466105169921337215e+00 3.287932439321774591e+00 -1.458314212479015826e+00
-7.813024844905165800e+00 -7.081259807093523762e+00 2.909267247009758695e+00 -2.098144250611148287e+00 -6.486320529619094444e+00 -3.208521406067004200e+00 -2.012798335887919787e+00 2.470112745622290301e-02
-4.671096182273634767e+00 -1.396895683039101499e+00 4.826337450363866743e+00 4.189893383514435299e-01 -6.619106515969128246e+00 1.872746254878336236e+00 5.558728425698069131e+00 6.810919182451152132e+00
-3.131963864992707069e+00 -1.756781248876124746e-01 4.942198767176757102e+00 3.115419346891804331e+00 -7.548570737242391360e+00 2.138087899486731835e+00 7.809334862991638815e+00 4.132014794104892808e+00
-2.691995572865157893e+00 -5.922109776824107108e+00 2.048463502219234567e+00 -1.379559254391073742e+00 -1.073555768309116765e+01 1.037189213432883506e+00 6.625132664166486052e+00 8.809537899373198755e+00
-3.567051443620584905e+00 -1.265256863775756280e+01 4.754687923036493125e+00 -4.873141993076111067e-01 -7.617370983702782539e+00 -2.500706741362082042e+00 1.047031513831496868e-01 7.673072128196609221e+00
-4.644320434252799945e-01 -2.183982249631417183e+00 1.232858663959191858e+01 4.495692843100907332e+00 -1.697129094461078846e+00 3.191105497161331961e+00 5.385029736808972345e+00 1.025622129120003168e+00
-3.760955552560294596e-02 -1.216005695995751701e+01 2.310133065272095276e+00 7.268404939805297449e-01 -1.336279310813841992e+00 1.659904857512649601e+00 1.717596162666455095e+00 6.179160407945381017e+00
-2.325572583761831513e+00 -8.063081697498686751e+00 9.704713122544564641e+00 4.067249148897005284e+00 1.518593727979412611e+00 -6.097736830980083900e-01 3.914830997409004087e+00 7.015308292253202183e+00
-4.783797384436597966e+00 -9.229667508397879416e+00 9.735702277479502342e+00 7.446786783861267800e+00 -7.928652108741364835e+00 5.066287803542357082e+00 2.082619848389907879e+00 -2.128427413173699989e+00
-3.066406719141245407e+00 -1.189562166015847922e+01 5.306952508996049644e+00 7.247488420587236746e+00 -7.724734937068011398e+00 6.511902688265043260e+00 -3.554451059190570916e+00 4.838146467139506357e-01
-7.191244882498913249e+00 -4.182854077844449847e+00 9.736141189145223862e+00 5.223907155435666638e+00 -4.129421620044921859e+00 -1.603624674805239625e+00 -1.464926699469606630e+00 -4.375044915347361396e+00
1.752458806099316257e-01 -3.230638609548836637e+00 4.869118914553340005e+00 2.840698226090325740e+00 9.620495719360128151e-01 1.322876761279413227e+00 -9.146614607327165913e-01 1.110618943020441396e+00
-6.870852186964095054e+00 -1.141596820809628277e+01 2.876524211989212265e+00 8.626160368124916739e-03 -4.122787391212297869e+00 -2.820574226189218159e+00 8.013889967285983129e-01 4.285894688406130193e+00
-8.468064545590797465e+00 -7.961071805247318167e+00 7.985671080392621413e+00 1.586428294809909101e+00 -6.585869472132325875e+00 7.632236557925162757e+00 -2.504554879680184420e+00 2.954992034761943831e+00
-1.012949334786698330e+01 -4.650907658787969412e-01 9.052424086717574259e-01 2.274383814068844156e+00 1.251942649413229747e+00 -3.276411850091774713e+00 7.191764031000184687e+00 5.264877589124015600e+00
-3.125529817385057640e-01 -5.775668161739888617e+00 1.169742124026734276e+00 5.520853851399944112e+00 -6.625573339510175686e+00 5.952316371664750916e-01 7.037246793858346727e+00 -1.239215437429070699e+00
-7.235531384285287970e+00 -4.531491604973835408e+00 2.390143943174986685e+00 7.148105255694998661e+00 -1.063652455455534351e+01 1.939989099046237175e+00 -9.777429697063131364e-01 -4.749094656502375056e-01
1.624904429527870064e+00 -1.032000994425649409e+00 5.510430053893720981e+00 -1.706510620038599255e-02 -8.579986707874921237e+00 3.843062388669818308e+00 -1.517300142997559886e+00 -6.769370062114156150e-01
-4.149858620899788519e+00 -2.748645207995252804e+00 1.063858332376424798e+01 -1.077997002337786725e+00 -9.308156174201570821e+00 1.320507519398242735e+00 5.783541886959679523e+00 -3.786317544908520016e+00
-9.147747315998831397e+00 -7.806583003520820796e+00 1.140441782132186965e+01 -3.717952985322032777e+00 -3.348529834789232051e+00 8.211623593120418452e-01 -1.485657998843602057e+00 6.852008930398890918e+00
-5.292741625301989217e+00 -6.249351057615508687e+00 2.960177933730696154e+00 8.324131689165215064e+00 1.782479283563976669e+00 4.897763389676452306e+00 1.402454193909619118e-01 7.961793378750765537e-01
-2.204619098904445074e-03 -1.140619640582414895e+01 6.645648224729304943e+00 3.655400805211646453e+00 1.615473871992185506e+00 9.325345596080040877e+00 7.408072070345154359e+00 6.727800434707088328e+00
-3.398203582527103084e+00 -2.097701887175843272e+00 1.845713330703151245e+00 1.133947269666916169e+00 -8.608310544707801881e+00 4.612264744877502487e+00 4.495591702527222289e+00 3.108515165423801463e+00
-7.765296610749084394e+00 -5.685263751980672353e+00 8.162777669605381092e+00 -3.058883508604811841e+00 -6.775530416415200818e+00 5.809673457655979867e+00 8.986503922003931111e-01 2.831958314089652706e+00
-3.988576383793727587e+00 -1.238289798661259589e+01 4.143445505378307026e+00 4.969014716936658971e+00 -8.949679227070115317e+00 9.277070220291113500e+00 5.478069736030619197e+00 6.447127869412625500e+00
2.295664848662046786e+00 -8.459494152056839411e+00 -2.678905540375187133e-01 6.965786979768265330e-02 1.368875980008405380e+00 2.537994454111967002e+00 1.549270774814545781e+00 -2.458063469498739995e+00
-5.331395350847019543e+00 -9.370448346811334872e+00 9.042855159675092791e-01 -7.963502354947112893e-01 -5.845344176596555030e+00 1.162246307389298350e+00 2.476997022804184212e+00 4.879974532359261374e+00
9.927898274923009636e-02 -4.365250776977474878e+00 5.271163774337477292e+00 5.777687637157293388e+00 -7.005321178664896120e-01 8.614198341240168588e+00 -1.367166831658916282e+00 6.438034236606440253e+00
-3.079054813298492732e+00 -1.191105914457325277e+01 6.242444802854352659e+00 -1.795902647183787115e+00 -4.665370975996910197e+00 -1.647477694444871910e+00 6.884016870639417363e+00 1.569926009015322865e+00
1.724870083503673435e+00 -1.023700157169293945e+01 9.428437636821437096e+00 1.635181232043621424e+00 -5.381010040207419465e+00 7.162888510848837598e+00 6.540727987693093048e+00 2.408929120007182068e+00
1.321493189339340457e+00 -2.135828614045279572e+00 8.409560529092232173e+00 4.048759479330716005e+00 1.903701737580159037e+00 -8.436086535137563569e-01 4.698496874202350959e+00 5.738861789193719254e+00
1.366551265388605385e+00 -6.256599533102255251e+00 8.337362729629974822e+00 -1.646961579034924572e+00 -5.444261939625042679e+00 9.274482860019798380e+00 2.003260560669381185e+00 1.003196447107832290e+00
2.507435612617731735e+00 -7.590991619538370649e+00 8.787120225751994695e+00 8.494609464719625080e+00 -6.605089590458702808e+00 8.634693447648503550e+00 -1.314768611564791856e+00 2.066846655137366984e+00
1.788931487095952066e+00 -3.093587811839162427e+00 1.356390733096936474e+00 -4.517008812213734181e+00 -1.078850618236087477e+01 4.845013830077481209e+00 7.843747927686759880e+00 -4.133841293436099740e+00
-5.156169895400258163e+00 -9.589943980187777939e+00 5.804519451526068075e+00 -3.123034504158675340e+00 -6.475751891759235157e+00 2.000360964760947269e+00 -2.851943339544479539e+00 1.019458349104437778e+00
-5.039666768033396416e+00 -1.096322004893919022e+01 7.976188062762234132e+00 7.247643437090916407e+00 4.750970098294412525e-01 6.112859181596379976e+00 4.038346674933792180e+00 7.694381864863149900e+00
-9.037152425604707773e+00 -1.241444758047155084e+01 7.132690912029085624e-03 2.389784951562838433e+00 1.510671845167551153e+00 9.210767231208086159e+00 -4.018848881347524937e+00 7.518026833934614572e+00
-8.844496345358548339e+00 -1.275746826598692785e+01 8.945835466981206352e+00 -3.721713866758452394e+00 1.724724656993816385e+00 8.830590985642457369e+00 6.110374869395468700e+00 6.711175540028349928e+00
-2.838769109505107302e+00 -7.613825272252352505e+00 1.056350698353282525e+01 1.123139972206163018e+00 -5.379412875182149278e+00 4.118514554647868309e+00 -5.084267683784660541e+00 5.033889823683663778e+00
-3.692274941657800902e+00 -2.964054781448124398e-01 6.098400014241432743e+00 -4.518988143976194749e+00 -9.133159091075391700e+00 8.546029746115000325e-01 -3.900401562086629692e+00 8.033336774243458933e+00
1.780761418914689198e+00 -3.524158562784907911e+00 1.175451307280509283e+01 1.162022252373450470e+00 -1.549741704168236645e+00 4.786612144493076926e+00 1.857878286306140492e+00 6.273565354563201524e+00
4.773980725328285102e-01 -1.005294485213009636e+01 2.502659523300052730e-02 1.013306152899520862e+00 -1.983186267745223885e+00 2.665452258298163013e+00 -2.002133012379894605e+00 2.867505029097169533e+00
-1.240380998767383280e+00 -8.631227601446170183e+00 6.263618733574372044e+00 -1.719011127554666007e+00 -5.093780423904887833e-01 9.585414875508853072e+00 -1.803069852204164825e+00 3.315774371806384124e+00
-3.886834487396720217e+00 -1.035231129949169393e+01 1.189545585135877381e+01 2.162671026566891364e-01 2.865237783413615569e-01 3.544423163123287424e+00 9.024487878913727279e-01 -1.091813055327886861e+00
-4.541693866745398545e+00 -3.171537868105135605e+00 1.269955830997586155e+01 4.347851752985192775e+00 -3.015590925565321823e-01 3.100430754546737999e-01 2.362002943461539495e+00 7.489309015443226691e+00
-9.128088786822008416e+00 -1.619489941055703985e+00 1.198621021560201783e+01 5.706183361922794184e+00 -9.037059922904619569e+00 5.154084759792186610e+00 4.363064286417321469e+00 9.079222647313324179e-01
-8.625927991075583279e+00 -1.039334253900084803e+01 6.264038554254576674e+00 4.977763862160680119e+00 -1.041023955945536628e+01 4.449855010986724757e+00 -2.626327666689310725e+00 -3.968496379741961899e+00
-1.531836821737822651e+00 -1.160673931443108664e+01 1.060146156966575148e+01 1.194528326105841920e+00 -7.655318912916220242e-01 6.679982445688866122e+00 9.904781295912028494e-01 -2.505633545934598416e+00
-3.193152896715885092e+00 -2.997447089169062995e+00 4.935514199179066863e-01 1.596674781146066868e+00 2.041733149927771329e+00 -4.564783574633336782e-03 7.216686196934990249e+00 1.368241600991843887e+00
-8.714684722737969125e+00 -7.121672030359240679e+00 1.385627264057205377e+00 7.200001764291089401e+00 -6.840784800134995791e+00 3.248626263131957792e+00 -3.361259031055233937e+00 6.759269179176542686e+00
1.250982531917455232e+00 -2.449857291702268292e+00 8.885244865436483508e+00 5.432083488787718295e+00 -6.666993775811083545e+00 1.047113489988259261e+00 -1.895760063856658739e+00 6.033857400217073064e+00
-7.398211830522611443e+00 -2.090248062142118890e+00 9.069252853466437614e+00 5.279978508052258768e+00 -5.869553109865504936e+00 -3.121723019284466272e+00 -1.904606138177824537e+00 -2.462349744250558192e+00
1.647521131371893155e+00 -1.124386149036872418e+01 5.526300416283929096e+00 -1.858359181573345342e+00 -1.043138386790098515e+00 3.169875928498926410e+00 2.567977211325200848e+00 1.332842138928986842e+00
-2.577165081225383236e+00 -7.921055713716129709e+00 6.224042769392371888e+00 6.138096826919885451e+00 -9.904362109650426405e+00 8.448350958637076857e+00 3.942068710403752174e+00 6.649933735139136992e+00
-5.294435670197218613e+00 -1.086302384781473584e+01 3.882443503503217652e+00 6.103304152287953421e+00 7.755920240486816053e-02 2.070931594104285622e+00 -4.322894250895044976e+00 4.003584548412097099e+00
-9.092324641204573510e+00 -3.086415119181656674e+00 1.101532509784639657e+01 3.198389336241588499e+00 -2.103618974491695270e-01 1.193145090339991610e+00 6.331212334573101508e+00 1.125863528649044154e+00
-8.830158240959269378e+00 -2.673256490910076000e+00 1.585138169431181909e+00 -1.778907533537567920e+00 -9.271035049471390010e+00 7.636359556561250983e+00 3.683589601468211683e+00 3.642755623113941521e+00
9.904729010503520170e-01 -1.062829688079740365e+01 6.574349195710123439e+00 6.209532302757125422e+00 -7.920022541070048661e+00 -1.273262869435342948e+00 -8.195987887692351981e-01 -2.855149578162115453e+00
2.209492007391625101e+00 -1.011960707533012638e+01 1.176416805800628218e+01 4.709375098898653356e+00 -8.024946238537811638e+00 5.768053289316254606e+00 -3.688643346281683222e+00 4.183147479341952746e+00
-7.326957963477297220e+00 -5.444125560668816810e+00 6.217204699932366907e+00 -3.673268463029017106e+00 -6.808872713831552126e+00 7.999842750759355248e+00 7.287133087064828985e+00 2.542739620941463663e+00
-6.919329971225512743e+00 -1.221909656348992712e+01 5.357221692002928748e+00 -2.084809192864575333e+00 -1.446711997860746335e+00 -5.645395666834727155e-01 1.361322191696897888e-01 6.550301246153472867e+00
2.885412677492710798e-01 3.188748179152801621e-01 3.804055602246733669e-01 1.762717626140301475e+00 -4.979832879429574533e+00 -9.473518653241270737e-01 -4.708769773007246862e+00 -2.651942626746996545e+00
-1.018927049994599265e+01 -1.166324830111929423e+01 8.847273595418759795e-01 -4.300119185463418425e+00 1.024791206067527050e+00 -2.116506015972263732e+00 -1.610547159835465092e-01 3.659454118383466792e+00
-3.776798225755401361e+00 -1.112510672761312769e+01 4.791057305010278711e+00 -3.714460507170461723e-01 -9.485332204273644763e+00 4.421812389944498101e+00 2.974254346959277484e-01 8.438415378015893253e+00
-4.362407319421317098e+00 -7.791582281006649069e+00 1.144469012769238958e+01 3.412999239975820664e+00 -9.694514149123497404e+00 4.505619972336667445e-01 1.674455248004603991e+00 -2.286706751172181473e+00
2.515462865206155030e-01 -8.726434123037940083e+00 9.710141418480032982e+00 2.868513971035821619e+00 -2.550514333896683805e+00 2.352922077340515727e+00 -8.128800254183891072e-01 2.835704080941068295e+00
-5.327140364142789686e+00 -9.864987686300583647e+00 1.257147130681137881e+01 -1.435024324497327308e+00 1.038952909749823350e+00 4.027773980510429119e+00 1.095483010082405340e+00 1.316717061414183876e+00
3.430666413978524232e-01 -1.196246703839005576e+01 5.003730810394633188e+00 3.278231381426217617e+00 -2.881809395165075394e+00 9.451797251596421034e+00 5.172218643472875854e+00 7.478870683624244009e+00
-6.119937616854856266e+00 -5.854496368127692918e-01 1.722058961505338770e+00 -9.822490150303793133e-01 -2.746508631370039755e+00 7.403376894306274103e+00 4.838625153281356006e+00 3.120175097182541712e+00
-4.406468961359255032e-01 -3.310074599758022984e+00 6.435821586696382823e+00 5.678392994408431704e+00 -8.076435915656672293e+00 4.944072607969409283e+00 2.037158738393409330e+00 -3.957749783665362120e+00
-6.622190775999905021e+00 -9.394771090547054726e+00 5.910069023471026917e+00 -7.644172988335216079e-01 -6.919471162971119860e+00 9.574939150943320598e+00 -2.297733422729173469e+00 7.871821286232735027e+00
-2.594266965172076667e+00 -9.739133677247448162e+00 3.553754213028230691e+00 6.111554153575144532e+00 7.498142436510285558e-01 -3.253375900560215417e+00 4.753972807741098094e+00 -3.022191348379645315e-01
-9.131886040094510548e+00 -1.163665265468917021e+01 1.098508280219143263e+00 7.647753091102705847e-01 -7.367167034919784641e+00 5.273443250884771949e+00 6.905770787603102256e+00 8.579122543440204751e+00
8.379506162873711084e-01 -1.737034634227774932e+00 3.540869792851052189e+00 5.652750630888808914e+00 -3.662523859096169954e+00 4.254479399397290251e+00 -3.031016858726482077e+00 6.300652771637763827e+00
6.644553475547367860e-01 -7.260603898673794632e+00 3.515189436437852755e-01 -3.372314652888814379e+00 -8.090944774534433392e+00 6.567388352356056558e+00 -4.253820672706395634e+00 4.284297614915657526e+00
-7.904622460247415994e+00 -7.036233583884442311e+00 1.075545355782491797e+01 4.737316233725560544e+00 -5.512251703150388593e+00 6.810568846024670719e+00 2.951520358342832662e+00 8.512342666707320760e+00
-9.503049802463355178e+00 -2.506716557382061783e+00 1.939843183989081066e+00 -2.685174107975258018e+00 2.095016808913357842e+00 8.039958118696050704e+00 -4.810832002283904174e+00 7.490661602959416854e+00
-7.066782774244527054e+00 -6.189917637106162829e+00 6.194274969523426932e+00 3.954210663524249547e+00 -3.031148279260157952e-01 8.256592328498072453e-01 1.077598643444531934e+00 7.010319054678162409e+00
3.790012847224502046e-01 -3.637719197004292138e+00 1.061097818675355420e+01 5.134694727374338186e+00 -8.205215269151523216e+00 2.335861205138122010e+00 7.613026492645717624e+00 5.893316794059936470e+00
1.045876258292706140e+00 -4.885158924738973063e+00 3.052618248654081157e+00 7.605736867965616987e+00 2.238847604492325338e+00 4.835995486141329458e+00 6.816060907392119006e+00 5.316945813267781595e+00
-7.146837232469879453e+00 -5.879276801638883221e+00 3.604768799699586967e+00 -3.083615452510935384e+00 -4.387881678793060125e+00 -1.305193596476059703e+00 6.350146365489997002e+00 6.377914930332531540e+00
-2.595151826064311454e-02 -4.180516823131808835e+00 7.090503030521955630e+00 5.294761902840265044e+00 -7.007970494645524795e+00 -2.750266714455650519e+00 4.033905894860951413e+00 3.320960269976192425e+00
-5.959845392156252863e+00 -1.175515334822634550e+01 3.812085852686698750e+00 3.348358556903214267e-01 -5.468695147066401141e+00 7.947284084755639633e+00 3.944442845757957894e+00 -4.256299801481532974e+00
-5.206668225711342579e+00 -4.846602809315871063e+00 1.275038143931367962e+01 -1.306545557392041923e+00 1.571525256452395825e+00 -7.983782508391951138e-01 7.044533548060419315e-02 -2.902262143620006452e+00
-7.649109557015639993e+00 -1.271010167925791912e+01 5.138193489479275122e+00 -2.218018999288892790e+00 -9.369013790852450896e+00 3.368017187385540012e+00 1.789452215606963659e+00 6.187091059733472953e+00
-7.254231235647326415e+00 -4.575365589486597884e+00 9.254261531018224574e+00 -8.202461297669867354e-03 -5.812694244321640058e-01 2.992930755002984000e+00 -8.871167100781234272e-01 6.515673100855678967e-01
-1.006979901598510141e+00 -2.009833779205595139e+00 5.962816823102468966e+00 5.678828904018113910e+00 -4.675916963394850967e+00 6.471660007400903858e+00 -1.934002156483388413e-01 -3.935793624897395482e+00
-9.477957496820598848e+00 -6.660398362329382316e+00 8.704306385544430924e+00 8.100255963837138751e+00 -9.353986766061112235e+00 2.739194946911261308e+00 -1.123991514009650139e+00 2.075933283330914314e+00
1.999305529350581700e+00 -6.410291542198629955e+00 9.417526827536274681e+00 -3.470861756559111555e+00 -2.507692086750628047e+00 7.106406525499551208e+00 4.669137610237206637e+00 -4.357748005209467479e+00
-9.999206438567837196e+00 -3.545526686310060516e+00 3.382815998848530015e+00 -3.271419090354236836e+00 5.351669901130400309e-01 8.918811675912111880e+00 -3.017637133100400604e+00 6.048772340263302461e+00
-1.015482832467981567e+01 -6.146978732170585324e+00 8.226168633910308614e+00 -3.449398773993288092e+00 -7.010359458783659292e+00 6.815905424857747086e+00 3.369134656311136844e+00 4.049751932364932472e+00
-2.874044275539757276e+00 -1.214136026549137881e+01 5.784076494621037234e+00 5.594053800872893056e+00 -2.060365486326881435e+00 7.090120322399087627e+00 -4.729286475032522752e+00 -3.669847361409520836e+00
3.653397987860110968e-02 -1.177158310606734304e+01 9.898068340201612969e+00 1.494135236339267037e+00 1.304520364752077111e+00 3.372403766501421707e+00 -3.578050905657107705e+00 -3.838219111547676032e+00
-2.105818662193664759e-01 -7.649472011724158804e+00 6.598790611405793705e+00 3.108378606303410230e+00 -4.790520661304086936e+00 4.777843049627938932e+00 -3.331465351004952780e+00 1.001148568631885505e-01
-3.294674620326788261e+00 -1.072801653608443395e+01 7.185420419490969657e+00 -1.734223618904632835e-01 -4.097297109020213490e+00 7.882302510379360250e+00 -1.326495317727050427e+00 8.116454910072761209e+00
-6.834257272677710660e+00 -4.027594114920103885e-01 9.126286439120755434e-01 -2.416507101374134159e+00 -5.133305352313290992e-01 -3.264264374050454887e+00 3.558747774339541703e+00 7.293492665143894271e+00
-1.388496021098145849e+00 -1.866822820256436755e+00 7.017138305154722033e-01 -6.103875058925080088e-01 -9.052359609294994058e+00 4.134263447294879157e+00 -3.562958005343785040e+00 8.868500649467916830e+00
-3.184824956321087530e+00 -2.926196266454033967e+00 7.955315380654251811e+00 -3.860983167143094530e+00 -6.174208348291358561e+00 4.142373015724166052e+00 -9.845613541796569557e-01 -7.720541819914442661e-01
-3.008509362230824991e+00 -3.871035165965689639e+00 8.880011953841307815e+00 5.332802076150715109e+00 -9.646006453111356294e+00 8.661306186587646394e+00 -1.844224090586156439e+00 -2.268424589701043548e+00
1.379377896069270637e+00 -9.997798643941417041e+00 1.894678178240842170e+00 2.086444600453615461e+00 1.442025929615886826e+00 -1.974589636308059060e+00 -1.765406825585128736e+00 -3.592237998028030788e+00
-9.900200359613940293e+00 -1.044113792195197377e+01 6.970458204725797913e+00 7.826218197060577531e+00 2.005965026233957615e-01 2.158015791550941920e+00 2.633477865736585599e+00 -2.228773559007467320e+00
-4.600726887189242831e+00 -7.844944052976451365e-01 1.016198138503519921e+01 3.689528673566374373e+00 -7.349470875356455934e+00 8.419020606626434144e+00 4.155638918969930984e+00 -1.377767305693732292e+00
2.148955445171798484e+00 -4.677621075371097836e-01 1.143426642353460476e+00 4.661416378814496331e-01 1.306635303133764969e+00 8.172455954380367871e+00 6.664487341808921883e+00 5.859627402250638717e+00
-7.357256533636005180e+00 -7.776233585363023337e+00 3.343618252287012260e-01 -2.174011883918308463e+00 -6.951026051522867455e+00 8.735480574828530465e+00 3.077923747805318744e+00 2.198629756177278072e+00
-4.819837599721798344e-02 -9.964189835690049790e+00 4.065151782938869474e+00 6.704567441466628530e+00 -2.066714343641989637e-01 2.219855144217773302e-01 -1.571999267369288855e+00 1.846227226814689537e+00
9.970047673564240709e-01 -5.897840900836517797e+00 5.705728037219312654e+00 3.155014044362532299e+00 1.547660517843867378e+00 4.041372000361115546e+00 1.351387000148780021e-02 4.818204078225358344e+00
1.086922733029905608e+00 -1.411560795994698969e+00 1.140664492143014241e+00 6.166891547408402730e+00 6.229867291761638226e-01 1.413019216959725988e+00 7.307231274490270323e+00 5.753331782799878447e+00
-1.651390167998835201e+00 -6.252088307620303986e+00 5.305561043550532929e+00 3.289485337543030852e+00 -5.766000128427169358e+00 4.076414875208803856e+00 1.782593040277637764e+00 -3.416233870159083086e+00
-5.006653445530951707e+00 -1.169763041361033151e+00 5.243754113590191501e+00 1.204350538892918487e-01 -6.889849942703309083e+00 7.369795083364169663e+00 4.095418546892353184e+00 7.202207638396527223e-01
-2.243556997931417385e+00 -6.249675228642685987e+00 1.198336176762426675e+01 6.599888306605962818e+00 -1.042520076669661577e+01 3.281647484361761347e+00 2.293680607966014584e+00 -1.867065145265990767e+00
-6.021944387745857163e+00 -7.296267574512378395e+00 5.512202537808488678e+00 -2.055344789080675749e+00 -3.127100063430070076e+00 8.493109183148900954e+00 -5.049724767988925223e+00 2.830979944932101033e-01
-7.364237895153309843e+00 -3.375745863446214745e+00 3.064703043317724696e-01 6.721897143408671838e+00 -6.706416970461617666e+00 9.046651825591368379e+00 1.753590176658214594e-01 -4.340672784000019213e+00
-6.221811870875634476e+00 -8.257725933198054591e+00 4.605342346569846868e+00 1.027961128723834827e+00 -2.446946651594811950e+00 5.631174835367301235e+00 1.755463764975476515e+00 -3.703832212542516267e+00
5.570049099388543201e-01 -1.266512067980494294e+01 4.831805098301972912e+00 3.922399143399131649e+00 1.663325844848704937e+00 9.018916497309097835e+00 -2.350677274213283763e+00 8.697070004297307477e+00
2.540162077708030264e-01 -1.243977006664620610e+01 9.577898893576294981e+00 3.942261405142797770e+00 -3.817420534935881182e+00 -2.736018916535420953e+00 5.831433322026486010e+00 3.759647045706374868e+00
-3.299149660146618590e+00 -1.175743246338409653e+00 1.230268104642283156e+01 -3.803085643775537594e+00 -6.720155681107633505e+00 -1.531128689066276971e+00 5.709925191416140855e+00 -3.867829756829430199e+00
1.244848996643900030e+00 -5.705665433543385845e+00 9.948450744988152294e+00 5.380896361490898450e+00 -4.177401704602202948e+00 -1.067990837474201982e+00 2.889313874549155337e+00 8.616378875662363157e+00
-1.006703522771019621e+01 -2.559053517965374169e+00 3.811121912768113962e+00 -3.631210746018780799e+00 -6.191025469158168981e+00 -1.953988054058066526e+00 -2.204076768300480715e+00 2.434911987862363514e+00
-6.066537723125313697e+00 -8.000739504437296645e+00 1.110598496026414317e+01 1.730424568683410103e+00 -2.709323415709980587e+00 -9.446554116241058230e-01 -2.105814716043258095e+00 -1.365757736927200705e+00
-1.398660535698693863e+00 -8.766490774523258978e+00 7.160686249470181508e+00 -3.365454517912822130e+00 -2.049898485114645119e+00 9.176884220259184488e+00 7.082757295484394255e+00 4.918655735531636708e+00
-7.152316499464484778e+00 -3.276567973111594423e+00 5.574482138937044695e+00 1.656954436248673779e-01 -3.908218259991050214e+00 8.272697736912887123e+00 -3.758291292252574411e+00 1.053754972327470618e+00
-6.465061114986649038e+00 -1.272635660478482400e+01 1.253209274738194523e+01 -3.445777563226566365e+00 -7.427855368561855798e+00 3.605901110324519543e+00 4.390930111273168457e+00 4.774428216644166056e+00
1.394523979799106694e+00 -2.410198736337772818e+00 1.076666085675108064e+01 3.488352859509144199e+00 -3.663879368568522032e+00 1.570600687493939551e+00 -4.395161512216636090e+00 7.943660836813934090e+00
-2.626179493698532208e-01 -7.626548968311844812e-01 1.162138786662518797e+01 1.083738398942531989e+00 -3.070666772355969076e+00 6.633475383337649411e+00 -1.016742244275517237e-01 5.266414383407145294e+00
-2.914576535802014146e+00 -1.277074653557076545e+01 -2.519058541934833875e-02 -2.804445906928728416e+00 -1.066772914624322688e+01 7.087316141260937563e-01 2.422357436243824935e+00 -4.367341111547100141e+00
-8.378980416896405714e+00 -2.459213681527689044e+00 1.092884284340412471e+01 -3.627425465758476797e+00 -7.252542360914346453e+00 -2.303188619357360079e+00 -3.672931892866055481e+00 -4.334760288526071648e+00
-5.687288190184146330e+00 -2.935248565988713310e+00 7.099652424293021014e+00 5.430064414179631704e+00 -5.314107511849688770e+00 -1.994066757275443136e+00 5.930838454922247038e+00 -3.053767596696565612e+00
-8.281876435304226902e+00 -4.298172047707575771e+00 3.000263332404732530e+00 -5.712980953032047171e-02 -3.255038270152668112e+00 4.606770700101085581e+00 2.619969911271624596e+00 -1.621617476533322888e+00
-6.782581526719211329e-01 -1.778327516535747055e+00 7.204973533147763121e+00 -2.254639646880593151e+00 -4.751794982131530176e+00 -9.801028435633414304e-01 6.611176734253721321e+00 2.009637839875187293e+00
2.537971078369649192e+00 -8.556996836777580384e+00 6.228682918351793774e+00 2.441607531322795843e+00 -5.427641304058234084e+00 8.306204403599800612e-01 6.267996984299537111e+00 6.913232645664885823e+00
2.091937373024850277e+00 -3.216668713315122829e+00 7.446689183499660025e+00 7.850888461870133561e-01 -4.757547904220647550e-01 5.991772996356413472e+00 -4.048666139667961517e+00 3.273046903611040115e+00
-4.449894675860817550e+00 -5.227991448890469073e+00 6.658608158141100297e+00 -4.543913944071190869e+00 -1.283204240283987829e+00 2.010411617142055185e+00 -1.712735737661583491e+00 2.734211281800546178e+00
-9.323627644028297468e+00 -1.121619681943354863e+01 2.250754686745339406e+00 -4.123721723955243057e+00 -5.030074475845373705e+00 1.296619601772424524e+00 5.378545252639346685e+00 4.916939665947933413e+00
-2.311056823661185311e-01 -9.514031190548902117e+00 2.222047607177042750e+00 7.355834671799910573e+00 -1.472713716552143115e+00 5.124943894822415302e+00 3.213114902933586148e+00 1.752934270086516699e+00
-3.085713461192501672e+00 -6.458520334249318040e+00 4.496004949891997948e-01 7.680301611560775399e+00 -9.937661418692469439e+00 6.947551285308739999e+00 -5.132711945598156689e+00 7.235980998324099467e+00
-5.747522446192077084e+00 -1.195602598541152339e+01 1.072885958894169001e+01 -8.666348162505581598e-01 -7.583294407377642266e+00 3.954703012698217890e+00 -4.636261900553034998e+00 2.158414840203360718e+00
-8.670433353580719427e+00 -2.302320006459757096e+00 1.097861345059020266e+01 2.549453362447805738e+00 -6.286585289542037991e+00 -2.061240467159651590e+00 1.125485006777190433e+00 7.616379561341147131e+00
-2.739105480180062280e+00 -5.429384189661853100e+00 9.600845219286359367e+00 -2.851106865418553404e+00 -1.782998400718994514e+00 6.736181650679985644e+00 2.568973105357824860e+00 -3.988108966590230842e-01
-7.736859539826359544e+00 -3.183172287176878168e+00 6.776607938558356636e+00 -4.446341694974873526e+00 -7.754275824726360788e+00 4.046897839701247834e-01 2.341552564071308851e+00 5.414156157032840255e+00
-6.026371587517687090e+00 -2.414971916730906276e+00 6.379112801559644552e+00 -5.479617841593605876e-01 -9.007822541866045141e-01 4.521337130425639117e+00 7.675724999654094383e+00 -2.183839543331475674e+00
-8.113437394454059870e+00 -1.156020195045327448e+01 1.133660713334771941e+01 5.459546738305522062e+00 -3.997885845361838886e+00 -1.738864220305350372e+00 7.639174689244891070e+00 -2.596428755631404073e+00
-9.575300698563740553e+00 -1.007084690051447140e+01 8.591651572036550277e+00 -3.755286699592574884e+00 -4.656250347383506849e+00 2.938497295014260047e+00 7.424847224948377011e+00 3.481589176078304426e+00
3.493529334555765531e-01 -6.336642412144910530e-02 4.550543047867954272e+00 6.234222387432226675e+00 1.130339955922139872e+00 -2.897327623833201304e+00 1.952634490246598187e+00 -3.225926063123704779e+00
-2.168625148977989969e+00 -5.879735630434298477e-01 2.870865784127231812e+00 -8.971184398569993501e-01 -5.160752667231517599e+00 3.340574045589203678e+00 7.263056564214384281e+00 4.731919017288785945e+00
2.969275582767258448e-01 -1.273163164521336377e+01 3.779085659493227833e+00 4.511115760568602084e+00 1.975618141481732426e+00 3.756270282595453924e+00 -4.821856041308246077e+00 5.951738578566754256e+00
-7.306594859500231465e+00 -1.397087613514230720e+00 -2.071836499868841275e-01 3.394723517680882097e+00 -9.548900798181271909e+00 9.466081323550085358e+00 -3.311705894531322136e-01 -1.746448402866333405e+00
-6.374240041289789716e+00 -1.253390265921094127e+01 1.240943246580996906e+01 6.576839597057823283e+00 -3.147377369358003385e+00 5.616166965281668588e+00 7.349546862825006244e+00 -3.908388856123871768e+00
-9.093363383202651917e+00 -1.170154399072180773e+01 2.739774821025836804e+00 3.987801193980046843e+00 -1.003118811344050698e+01 1.080217483439880111e+00 2.240256791095865729e+00 4.534384461282732204e+00
-4.580869160877690804e-01 -4.249040515288478481e+00 -1.173700656586430940e-01 -2.090797564530913810e+00 -5.026999366214899290e+00 -2.326967596469596611e+00 6.226597348548990496e+00 -3.310428436539836650e+00
2.341020747719467998e+00 -7.877068035778117761e+00 7.747999279932834327e+00 -4.313161629041306178e+00 -8.190860278738060885e+00 -2.076018829403931676e+00 -8.808192817278650555e-01 7.156775529697800842e+00
-8.464558751052244645e+00 -2.313369451911350350e+00 4.616252929555277440e+00 6.278009818980723189e-01 -3.182809769210086959e+00 3.594294886548641266e+00 2.739088125057338452e-01 -4.160099860722384690e+00
-1.659562014661739582e+00 -6.602305563008080469e+00 3.626527830381079731e+00 3.973142369934460572e+00 -4.726160479530602920e+00 -3.187256094941644413e+00 -2.912352486555566333e+00 6.848960823878256221e-01
-3.355755241957199875e+00 -4.581437959549511163e+00 1.141289701103880005e-01 3.839439883027381262e-01 -3.514081427033301175e+00 6.230612457412123995e+00 -3.398132943426431574e+00 5.959206916232385076e+00
-7.745066362149759520e+00 -4.555268514349567255e+00 7.241000612216286214e+00 -1.884644560272505931e+00 -1.070552864699510032e+01 4.053738970011462883e-01 -2.691141388025319880e+00 -3.769027876540611555e+00
1.919888028335891672e+00 -6.688187407811567731e+00 2.706771892506889543e+00 2.088053872832191349e+00 -2.798208286070873907e+00 6.792859636781294341e+00 4.772601913650682981e+00 3.951086504067212957e+00
-6.461167500711137990e+00 -4.895002822835046175e+00 1.132524515682984401e+01 -1.214916410730714214e+00 -3.641071358635782573e+00 9.490722890104869691e+00 4.812539477590815018e+00 3.774148083458322311e+00
-9.523425220123316493e+00 -1.932719229125822391e+00 1.175940465811775404e+01 5.823428710860100388e+00 -5.387239257692419514e+00 -2.330314842164623812e+00 1.541321819661793935e+00 7.451713064915131690e-02
-4.215564919712758041e+00 -8.564238580832681080e+00 1.299270940037552113e-01 -3.031554548285143813e+00 5.814030927159682394e-01 1.307604729296255819e+00 -2.558368673395472914e+00 4.848882030180558189e+00
-5.402681331588798486e+00 -1.055274698324985749e+01 1.055620887314404843e+00 7.268938253927388793e+00 -5.832095179085661663e+00 -3.288782317663337729e+00 5.712326237686153441e+00 5.763025809173606184e+00
-1.048723273208089779e+00 -4.887985267406512513e+00 6.149285109903581237e+00 8.256259783447092104e+00 -2.806928824379438581e+00 -2.537440575185290204e+00 -1.410956138082922307e+00 6.910709289570275971e-01
-3.741791782221156826e+00 -9.150088293094871261e+00 2.024449978443159548e+00 2.738105574184180657e+00 -5.751394648638270546e+00 7.926350201411020535e+00 -1.302436670564760979e+00 -3.834103265729460031e+00
-4.550417493373904776e+00 -5.434066733038176444e+00 1.272856731130698904e+01 -2.937744585949089160e+00 1.882591277040319033e+00 3.081631443605140852e+00 2.438776240045361199e+00 5.763261382121278587e+00
6.718591896260546203e-01 2.182104484789156723e-02 3.517997095482867209e+00 7.063564676650339713e+00 -6.841105051616342969e-01 3.898911653254825804e+00 5.757937775242641720e+00 6.714992155500676851e+00
-8.766539017526918443e+00 2.049997753301797954e-02 7.380669381917849492e+00 1.178780712657971241e+00 -8.813794961360262192e+00 -1.518045837618501759e+00 2.036888561127520259e+00 7.842704053603021919e+00
-7.056854692631753245e-01 -6.649977658288275251e+00 2.284480931182789387e+00 6.337519304908806106e+00 7.525869615605118579e-01 -2.849368144893464017e+00 -2.316952144504878408e+00 5.056073263148847197e+00
-4.086715188219603334e+00 -4.272100585454460031e+00 1.122954821613105025e+01 -4.454329301428045645e-02 -1.048415407680521660e+01 6.440859415976089686e+00 4.472590103945561779e+00 -3.498605177200416971e+00
-6.675868894354891836e+00 -8.849211301254324979e+00 5.541774563490068140e+00 3.266581743878232302e+00 -1.907062166430453454e+00 6.782912165246939296e+00 6.808155191594284616e+00 8.090318155018286106e+00
5.387587915313638565e-01 -1.127731996803161429e+01 4.426257998778940106e+00 2.047883668593176942e+00 -8.406381912842336490e+00 8.947062756644520443e-01 5.017943199133293675e+00 8.059966793537721941e+00
1.312230313557222416e+00 -3.307247365763867908e+00 3.749494005213350079e+00 7.615796326209844480e+00 -8.310461124463296656e+00 5.829964165282341071e+00 4.498618838025438826e+00 -3.728570898873883710e+00
-5.741450091913909759e+00 -9.372218243381112979e-01 1.013260482662497708e+01 4.734338399628076566e+00 -4.703259507736621714e+00 8.454614201635772375e+00 -2.443672952253054476e+00 1.546745616725570871e+00
-5.682639959180839639e+00 -6.485821341863840850e+00 6.395688095337320078e+00 1.094817567658437518e+00 2.243991997491653123e+00 7.310371632479164994e+00 -3.566501700390761087e+00 4.978898949899738469e+00
-2.146198918732596939e-01 -9.549070926164262119e+00 1.244317465739180406e+01 -3.807131373458551682e+00 -1.322936819611181924e+00 2.863514876257109876e+00 2.493653841176751484e+00 7.779916577904597119e+00
2.363209773908961697e+00 -7.057362747226928468e-01 1.210174286143815081e+01 3.561552341105845620e+00 -7.971645719082777859e+00 5.053354966260060088e+00 5.293799646828879268e+00 -2.471282495065813212e+00
1.358537138820683055e+00 -5.643693641966213370e+00 -7.153125054207366829e-02 1.076777643188167266e+00 -7.996915899883868306e+00 -1.332041968807956334e+00 -2.233740698011465575e+00 6.975292707296463668e+00
-6.989812011041350637e+00 -3.896840070544855816e+00 1.360883244960940486e+00 3.092299171311828410e+00 1.752027688490506607e+00 9.479733688550858739e-01 1.862216069171023225e-01 -2.724923905051289896e+00
-8.333224935893339236e+00 -1.281995582968858827e+01 1.268967832547686925e+01 6.426282473476625512e+00 -2.590566361577586463e-01 -7.768704845170021356e-01 3.131498923617252128e+00 2.717718277344259192e+00
2.495983922306226344e+00 -7.842698717704299050e+00 1.210534746659051919e+01 2.640434570665496139e+00 2.059600266502827903e+00 -2.483819266761422284e+00 -4.419389202626963886e+00 -8.155555859844029407e-03
-1.613127685532623312e+00 -1.784274636398327951e+00 3.715136494206223716e+00 1.579183020086622813e+00 -1.594443646987081076e+00 -8.377924789066583111e-01 5.001955607777259338e+00 -2.213502414357578996e+00
-8.190065583254376946e+00 -6.566793540293358156e+00 5.682548367622559660e+00 3.323187144662432591e+00 -3.395332738712352416e+00 4.031170198229657053e+00 -4.620734834096281496e+00 -6.237220281699440427e-01
-2.749934130284932277e+00 2.286268076132390026e-01 8.639120259935264556e+00 3.292017585453948847e+00 -2.653312898278788801e+00 3.908129976774080833e-02 -1.199674869236629027e+00 3.128858042702230557e-01
-7.317699353367387971e+00 -6.923031049473856058e+00 3.393788404759026989e+00 -1.146581727946486939e+00 -1.015732602304212584e+01 -1.393964259868899713e+00 2.004215089265906080e+00 -2.997352444903298441e+00
-1.752068734563623886e+00 -4.054920856311722832e-01 6.581142556652525677e+00 7.746792329277131017e+00 -5.215564522590714347e+00 -2.961953831166221907e-01 -1.550491114460192277e+00 -8.258257755923306132e-01
1.265001476289163929e+00 -9.711820869589940841e+00 9.047964020233830951e+00 -2.979189398124167720e+00 -4.894420343121869799e+00 5.869651611575659178e-01 3.265879995538532032e+00 8.222177462681344196e+00
-8.691644442866447662e+00 -3.040436867691385547e+00 5.436227184552581804e+00 1.213117221260159528e+00 -2.778297961746749589e+00 4.938376558100213920e+00 2.513984643259562279e+00 8.491013340607040050e+00
1.000445650240867179e+00 -5.108088593779037012e+00 2.862558023647737926e+00 -1.469740038406939675e+00 -5.002733273596239982e+00 9.329906788239696880e+00 6.184877899863045592e+00 6.725550312966200650e+00
-7.174687705140801341e+00 -9.326324247903817977e+00 2.249310428535651329e+00 2.057327154785004275e+00 -9.660404961131842327e+00 1.362427491877789887e+00 4.160875209839426603e+00 -2.074333008561285219e+00
-1.023823502103202365e+01 -4.179226451533268438e+00 9.893231706024047112e-01 -2.141030073353704211e+00 -6.142071238675644196e+00 -3.303530998181071210e-01 7.212715382484378601e+00 -2.002269797811480068e+00
-5.825656459007848120e+00 -1.130545478121032055e+01 3.416700233271965370e+00 -3.574382065532185848e+00 1.529414783990652893e+00 -3.324747583832354247e-01 2.019865955960007398e+00 5.853724863139852630e+00
-3.713828761164961634e+00 -5.587114740840354088e+00 6.377080559713961705e+00 3.806531698423570198e+00 -6.723625674563513677e+00 5.156943558482597112e+00 1.673032873509233909e+00 2.300872011566191144e+00
-4.019374823223571980e+00 -1.161332758090672534e+01 1.181279825325032462e+01 -3.908076174736212938e+00 -3.872928568997784815e+00 2.640593776100826240e+00 1.124807440503460265e+00 8.085932388618841671e+00
-2.874369266606451756e+00 -9.095283142429614998e+00 9.875166866261739784e+00 -1.052048213472815741e+00 -1.772108406414906412e+00 -1.988778741159409336e+00 2.041352999642011667e+00 4.070065347299307135e+00
-1.044567185123775444e+00 -2.615449096780739335e+00 8.634342148816669393e+00 3.195946129203958375e+00 -7.720163249000417949e+00 2.397934771816141453e+00 -4.695468211793056845e+00 8.921601929400310160e-01
-8.958173608632989726e+00 -4.233375591052111808e+00 1.114037635188755182e+01 -2.931676026725969497e-01 -1.709918756906309234e+00 6.176603687634106166e+00 2.798633005140148899e+00 3.010925978944882342e+00
-5.470550552654463772e+00 -1.220102498954029890e+01 1.058728645863144813e+01 -1.193397213707446447e+00 -1.208609708186505038e+00 -3.061112576739287050e+00 7.311378018784344679e-01 5.686037722083456813e+00
-1.530997611472667552e-01 -1.010900000848508640e+01 7.500078169878379164e-01 4.692299664505855006e+00 3.596124791381446473e-01 1.880673342882008825e+00 -3.928859974580878323e+00 -1.749855961929209780e+00
-9.179917114701577674e+00 -2.376220242985155107e+00 5.297970041698333965e+00 -3.691779395657035057e+00 -9.340149325127883984e+00 5.170686345957514085e+00 4.144163899816045493e+00 5.418296894085766979e+00
-4.070622794767551511e+00 -9.363096542524216304e+00 4.548090805929637881e+00 -2.878890019474592776e+00 -5.576832641672334390e+00 -3.363320182137988557e+00 3.332136631425665296e+00 -3.433033215439417862e+00
1.475499378454918631e+00 -5.833648948315088845e+00 4.879938735445048970e+00 -2.037623758752517222e+00 -7.166508119813681521e-01 -5.785362178506072706e-01 -2.977383021375800354e+00 -2.710313678974809015e+00
-7.313189943526452019e+00 -3.072088356139487164e+00 1.126541131391215700e+01 4.454881408512221697e+00 8.081491269788075860e-01 9.037259310211537056e+00 -4.382427603840293173e+00 7.113064485482179400e+00
2.385746862456978423e+00 -2.002733222443597860e+00 5.655259092545080080e+00 3.287249278845213230e+00 4.694280585513290749e-01 -3.302793155913216427e+00 -4.663931725708096998e+00 1.051446243029962035e+00
-4.838071148131425581e+00 -7.872368240827082531e+00 7.789214795579754380e+00 4.274655105762519725e+00 -4.871077878583645493e+00 4.175536735916304920e+00 1.635665689270651812e+00 1.472432022703704657e-01
-6.312286295311879236e+00 -1.159482751899266617e+01 5.213633515108334393e+00 5.969667829648428459e+00 -1.002392587492411735e+01 8.790944284518987573e+00 2.225537023621654953e+00 3.291221091075903438e+00
-1.958657997509714921e+00 -1.013184230170262268e+01 4.762267006747272546e+00 6.611142872835189976e+00 -9.297988566510746011e+00 1.353838625409660990e-01 2.164924421435441282e+00 -3.477408565844418042e+00
-9.287220172021216413e+00 3.341039118971830812e-01 4.341717970435613694e+00 3.242654583460057083e+00 -3.286200487128287495e+00 -2.247510517284267539e+00 3.391151036947870789e+00 -2.490366540653859762e+00
-8.307020039636933362e+00 -2.811979140161276369e+00 2.510886716373937233e+00 8.239439939682431380e-01 -3.081417941158502316e+00 5.489736591084076522e+00 -2.193989253138250994e+00 2.739900302933511167e+00
-2.340483195392057070e+00 -1.270164917165324647e+00 1.135968179066632722e+01 -3.780135209366396687e+00 -4.785894165225237806e+00 -2.906372551530441495e+00 1.851630326154783956e+00 5.963664055639326556e+00
4.162873338201617535e-01 -6.773295673115732995e+00 5.158845404761594367e+00 8.372595710226628185e+00 -6.141576115343736042e+00 -2.367925028900021545e+00 -1.676860700963344497e+00 -2.912685493079143484e+00
-1.012327303253793254e+01 -1.229740836193270681e+00 1.162595239574631378e+01 6.776026867987392954e+00 1.186701298917057779e+00 8.419964049751630597e+00 -1.400542508004330333e+00 -4.345486580488567618e+00
-1.103839064990574048e+00 -9.638844422260911537e-01 9.689090861803267174e+00 -2.293200049020400311e+00 -5.686802193523518234e+00 3.595043121341344516e+00 -4.963619000397178738e+00 6.004874586096896394e+00
-7.140026813369591885e+00 -2.353842093401688373e+00 3.669475011191883240e+00 3.050781113911914755e+00 -2.738805074068805911e+00 9.558775166991451133e-01 -9.722996795684125948e-02 1.251054497914717567e+00
-1.155898670551171126e+00 -3.858100432583023043e+00 7.150890586533153126e+00 1.061130606318362979e+00 -3.557647083534888122e+00 8.566341639864345936e+00 3.058750946261659109e+00 2.067424761641558195e+00
-1.018985936793503200e+01 -9.989358282081660434e+00 8.991402564828630872e+00 -8.326706394552270130e-01 -3.114086261715525161e+00 2.606351670268739706e+00 -4.832208523199520434e-01 -1.101077030975728510e+00
-9.137728802394262217e+00 -1.136852318244315541e+01 1.124977364324300844e+01 3.178700111973246312e+00 1.579106609564500663e-01 3.990537198354125792e+00 -4.740928154097902691e+00 -4.279903789964848992e-01
-6.613308246507168420e+00 -1.164729720862750817e+01 4.024299661653459204e+00 -3.770271430591847217e+00 -8.214297972111562984e+00 8.462957606103389097e+00 -4.589504453731371392e+00 -1.000822147912258764e+00
