1.322097 2.271801 3.146851 2.792690 2.103675 3.164431 3.854566 3.269294
1.962433 1.871026 3.619215 3.483497 3.242142 1.062789 3.239198 2.516431
3.303647 0.655739 2.437039 3.742902 2.588161 3.402585 3.636739 1.857985
3.302204 1.631477 3.615425 3.601134 2.845189 1.996487 1.439387 1.366613
3.509925 2.164810 3.459196 1.240083 1.670760 3.450355 1.139879 1.279792
1.804673 3.275480 2.940025 2.570684 1.861654 1.587388 3.260116 3.680379
2.548144 1.722204 2.542208 2.707050 2.955323 2.383988 3.063253 2.404324
0.991450 3.472896 3.319010 2.759815 1.883895 3.116427 1.073244 0.887677
3.435478 3.344788 2.388592 2.642970 3.848678 2.647143 0.827089 0.981660
2.009536 3.568039 2.273670 2.176582 1.697146 0.935684 2.438728 2.327830
3.579187 1.987670 3.408998 1.470383 2.240492 2.203227 2.589534 1.972925
0.611585 1.502622 3.697027 2.662008 3.965401 3.134047 2.205621 1.633357
1.675275 2.976539 2.202223 1.375246 2.828404 1.912627 1.889667 1.696321
2.379408 1.000960 1.157003 2.175131 3.816557 3.330697 3.002318 3.071647
2.125436 3.629528 2.879652 3.652806 4.094768 2.520683 0.852864 2.744103
3.552694 2.540201 2.847118 2.422636 3.731248 3.311642 3.282319 2.847102
3.368790 3.473096 3.037555 3.321549 2.594193 1.899118 3.764004 2.552399
0.926685 1.366732 3.171608 1.110624 3.507464 2.225351 2.795859 3.426015
3.415889 1.665051 3.798291 3.578371 2.615839 1.577908 2.258181 3.288562
0.642327 0.974557 2.628652 3.267347 2.586399 1.997819 3.547395 3.169780
3.316318 1.504394 1.754493 3.623572 1.775601 2.695179 1.747820 1.678283
2.527175 0.836654 2.077407 3.926148 3.429001 3.183024 2.746684 2.916745
1.729851 1.839691 3.672920 3.436311 3.242547 1.025284 0.957768 1.836300
3.098765 3.075256 2.243616 3.202287 2.882668 3.256363 2.998107 0.712495
1.715647 1.668615 3.696269 3.039598 3.507341 3.640120 1.613530 1.966922
2.573964 2.417705 2.088143 3.872482 2.621744 2.051935 1.186425 2.080435
2.592693 1.778129 0.902845 1.967815 3.755211 2.698162 2.031721 2.646808
0.677462 3.045734 1.965858 3.679020 2.402475 3.628947 3.144726 3.076433
0.970199 2.759181 2.744507 1.666710 1.787490 1.983879 0.805505 3.480643
1.210997 1.722501 2.188073 1.155328 1.849862 3.649483 2.889498 2.864390
2.969912 0.970874 3.306592 2.297714 2.868366 0.986177 1.638780 2.313053
0.746013 1.514778 2.316067 3.111654 1.897294 3.163553 1.296172 1.410580
3.380998 1.151617 1.372004 3.870293 1.458296 3.688014 3.556046 2.073171
3.581397 0.662229 3.634141 1.326918 1.636571 3.439578 1.122753 1.295954
1.030520 3.259508 3.244092 1.286557 3.543648 2.888080 1.970566 1.864993
1.464615 2.676540 2.558880 3.126031 4.095373 3.921590 2.698205 1.623754
1.367905 1.005665 3.007000 1.121501 1.842122 3.810249 3.517865 1.979436
2.376228 3.720679 1.735979 1.253892 1.434560 3.974224 2.253639 3.048525
2.870182 2.965909 1.652106 3.549988 1.731866 2.497096 3.710936 2.677215
0.788186 1.734079 1.374632 1.795426 1.407874 1.126826 2.274409 1.941715
2.145084 1.621010 2.953715 2.930497 3.585950 2.739517 3.700044 2.963366
0.624660 1.844968 3.119933 1.987707 3.869795 1.552752 3.050186 0.940189
2.042311 1.739079 1.835250 3.046820 1.083355 1.153933 2.059909 3.123522
2.089917 2.165645 1.083945 2.133435 3.699492 1.913880 3.469245 0.810920
1.211593 0.655071 3.026812 3.742063 3.998912 2.328014 3.704094 3.158030
3.088707 0.865383 3.383466 2.288538 4.056887 2.422482 2.009531 3.582736
0.708329 1.590480 3.332003 3.971995 2.893985 3.994736 2.105336 2.511068
1.277169 2.105039 1.818709 2.303592 4.066345 1.108300 3.370198 2.932468
1.037402 1.661257 3.394516 3.437366 2.861729 3.228734 1.575380 1.399504
0.948774 2.064195 2.365882 3.998587 2.509483 3.051350 1.533837 1.831810
2.565349 1.723337 1.193310 1.963519 1.813349 2.035360 1.660441 1.443049
3.175354 2.868356 3.604285 1.771085 1.040802 1.729177 2.154050 2.847820
0.855076 2.628685 1.418032 3.660230 1.757157 1.468297 0.834497 2.072382
1.899355 1.616475 3.434577 3.381015 2.377405 1.416476 3.819701 0.976291
3.064497 1.487576 2.950327 3.570091 2.762719 2.420567 1.144059 1.806853
0.877230 0.855475 1.958357 3.412906 2.876990 3.610790 1.066114 1.111756
1.059293 0.670464 2.135782 2.275935 3.864043 1.744752 0.848131 2.598884
2.554391 3.177223 2.626239 3.275179 3.665969 2.655179 0.950831 0.618690
3.100568 2.507524 3.432188 3.985740 1.869711 3.431555 2.668985 2.015053
3.227460 2.268470 1.076278 2.068324 2.095818 3.854630 3.640191 2.063630
2.087070 1.806287 1.318514 3.481208 2.351109 2.721723 3.490215 2.230417
3.234756 2.068454 0.967373 2.096811 2.718431 1.899566 0.999371 3.388853
2.383815 0.892709 2.523048 3.597754 3.671560 2.124196 2.662305 2.400177
3.304297 1.018050 1.075991 1.118103 2.252900 2.853265 2.759062 2.242897
1.532527 1.553454 3.858236 2.188832 3.897306 0.926707 1.423570 0.761286
3.430181 1.255100 2.793821 1.390005 1.281357 1.128646 3.401337 1.742640
2.323121 1.096608 2.627638 3.832559 3.390802 1.944003 2.489017 3.631268
2.614334 2.806225 1.591914 3.913205 3.024241 2.499045 1.579535 3.626243
2.255753 0.953511 0.964484 2.142987 3.084422 1.692676 2.748237 0.674880
2.796958 1.173554 0.912880 3.729821 3.527404 2.302884 2.805898 2.029010
0.750221 2.855708 3.385225 2.028081 3.572665 3.089480 3.606475 3.139710
1.446748 3.211763 3.665334 3.434840 1.241579 2.308841 1.420185 3.499381
1.734720 2.818916 2.410748 3.859894 2.047886 1.606858 3.271695 2.607969
1.214440 2.451823 1.197083 1.673282 2.125490 1.946593 2.574933 0.751593
1.552525 3.228347 2.497973 3.372234 1.440382 2.922024 2.397719 2.175752
1.771983 2.975177 1.773274 3.547331 2.073403 2.998927 3.236551 1.324287
0.710135 2.279858 3.187472 1.354546 3.609568 3.579300 3.366953 3.034231
2.910605 3.314478 2.166320 1.515754 2.060963 1.138712 1.546220 1.503356
2.900662 2.751050 1.044354 2.399058 2.842129 3.966462 3.572886 2.213937
1.406500 0.810266 2.590519 3.352531 2.585707 1.214438 1.145878 2.279037
1.004706 1.054012 2.994904 1.963349 2.479804 1.801682 2.250658 2.867833
1.733383 2.947135 3.661847 2.841485 2.221564 2.861570 2.331920 0.691305
1.985870 2.788588 2.914866 1.491864 1.173789 2.671069 2.090466 0.749256
2.853754 1.521584 2.484953 2.402851 1.118691 3.678362 1.476930 1.812642
2.612407 0.616026 2.796842 2.372742 2.629215 3.192425 2.057528 3.493382
2.773379 2.817835 3.075101 1.157952 1.245502 1.286524 1.510365 1.290599
2.813266 2.644353 1.434194 2.204953 3.903894 1.569891 2.849722 1.949024
2.282325 2.638020 2.614342 2.804774 1.147556 1.994765 2.012255 0.780659
1.183793 3.182005 1.683007 1.496640 1.555059 2.876615 2.156499 2.265585
1.587988 2.535810 1.944079 3.226628 2.515392 3.766551 2.639853 3.617547
0.656003 1.537317 3.418557 1.752225 2.859353 3.914525 1.282574 1.085402
2.904886 2.579553 2.015513 2.509850 1.409206 1.591773 1.999431 1.249831
2.577629 2.343566 2.579682 1.507697 3.499051 3.192660 3.007987 2.741408
3.535861 3.064296 2.056551 3.493279 2.023384 1.326832 3.085067 3.516631
2.658504 1.940692 3.767981 3.384392 1.228199 1.624704 2.770333 1.957934
1.942619 0.705026 3.605590 3.743253 2.395102 1.580234 0.859356 2.490623
1.102318 1.365658 1.017758 1.605234 3.448088 3.275786 3.109509 1.958644
1.831820 3.146329 3.897771 2.113801 2.635762 2.780371 1.638203 3.655739
1.009092 1.964459 1.791088 2.330250 1.805418 3.945209 1.413618 2.227632
2.213775 3.011469 2.926054 2.880173 4.091832 2.456887 1.074467 2.430151
2.462659 0.678428 1.381292 2.741171 2.669058 2.806171 3.768020 1.212223
3.461316 3.688970 3.111203 3.930100 1.723069 2.510746 2.146184 2.171420
0.988382 1.653598 1.965309 1.264908 3.760422 1.296892 3.565569 0.850995
1.488918 1.672133 1.502398 2.323009 3.996925 3.032108 1.294435 3.212973
1.583327 2.281133 2.694291 2.107864 1.145472 1.607695 3.233071 1.630070
2.646579 1.879911 3.005998 2.483969 1.712048 3.514354 0.894569 1.443467
1.402296 3.671405 2.487356 1.527016 1.997781 2.693771 2.347291 2.167434
1.561449 0.871373 2.756306 1.923311 1.906163 3.075881 2.211752 2.623213
3.033372 1.905026 1.534111 3.321259 3.482448 3.035740 1.811775 1.254551
1.800811 3.013380 0.934561 2.081604 1.890241 2.309226 1.135666 2.161923
0.793956 2.708701 2.272634 3.907578 1.425640 2.735199 0.895376 1.318484
2.801326 2.057309 3.240090 3.213094 2.158352 2.799419 3.181546 1.644966
1.500516 1.381503 1.864566 1.480259 3.026258 3.847067 2.375764 2.342078
1.181650 3.285017 2.339914 3.703508 2.110756 2.630552 0.853670 2.156419
3.468078 0.709131 3.554407 2.272476 1.994199 3.393823 0.867065 2.665969
1.137658 2.321425 2.768701 1.299892 3.615328 1.941663 3.780248 3.248266
2.750153 0.832800 1.727252 1.532118 2.810513 2.480268 0.978439 2.011383
2.824001 0.931290 3.105863 1.358479 1.656474 2.460239 1.538914 2.334865
2.154137 0.899162 2.249024 2.526141 1.131198 2.840290 1.415847 1.748537
2.067544 3.144948 3.486162 1.099351 3.101043 1.166359 3.737421 2.290922
3.135620 3.599574 1.594818 3.136793 1.588058 2.089638 1.538296 1.092357
2.073362 1.643533 2.036070 1.816137 1.606951 0.997461 2.009007 2.547894
1.478336 1.339231 1.400356 1.733396 3.549398 1.710325 2.643042 1.806504
2.632591 2.183325 2.618336 1.743048 3.618529 3.568026 2.845407 2.447759
2.140343 3.605805 1.880399 3.442516 3.590769 3.024582 1.440713 1.387865
2.304348 3.410825 1.459792 1.806980 3.463591 2.171431 2.074034 2.049992
3.392905 2.407694 2.925113 2.022859 1.405439 1.046684 2.244650 2.982542
1.197956 1.059604 1.571384 2.954555 2.134417 3.199225 3.567634 2.317746
3.052781 1.332244 2.196408 1.338162 1.386537 1.577324 1.768713 1.922950
2.472419 2.955172 3.269174 1.540011 1.920428 2.308381 2.939330 2.322086
1.636621 1.716281 2.411037 3.797588 2.095725 1.002626 1.503570 2.309290
0.617252 2.355528 2.503657 1.834149 3.815809 0.950536 3.183589 2.680664
2.276861 2.536067 3.623427 1.533265 1.335377 1.915040 3.664657 1.909980
1.726412 1.013495 1.345779 3.337026 3.095330 3.633726 2.631593 0.936282
1.856109 0.612519 3.826380 1.618926 3.794521 2.314642 2.117719 2.859694
2.772763 1.999753 2.549419 2.187391 2.805821 3.522546 3.559048 2.329467
1.864149 2.470222 2.671341 2.826816 3.676438 2.837605 3.129223 3.563117
1.445052 0.629091 3.649134 3.666722 2.915464 3.383958 2.481098 1.078628
1.057765 2.706414 1.349145 1.739843 3.413048 2.049929 1.633984 0.832866
1.097911 2.106578 2.561625 1.408060 3.819616 1.300628 2.719784 2.156249
1.475352 3.179174 2.032862 1.576317 2.083721 3.513052 1.805658 3.204969
3.392749 1.897952 1.307474 2.601561 2.432797 2.006404 1.083901 1.115978
1.550043 1.775368 3.389042 1.631021 1.240415 1.876601 2.234209 3.420103
0.721912 1.603381 1.568908 3.222220 3.719933 2.776799 1.752961 3.509658
1.139650 1.743270 2.196463 3.107768 2.408569 2.387890 1.073931 2.699699
2.559672 0.768243 1.477853 3.991086 1.516436 3.056702 3.545386 2.323072
1.296185 2.558372 3.549617 3.673532 3.537899 3.628346 1.535080 0.890004
3.255429 2.539519 1.931697 2.537671 3.224904 3.061557 0.832437 2.751209
1.200319 2.016579 1.717231 1.548309 1.088397 2.630176 3.759306 3.021476
1.596016 1.717938 3.668358 1.745740 1.880037 2.637166 3.200478 1.581357
1.183520 3.221602 3.890930 1.159018 2.422770 2.003579 3.430769 3.728338
1.270156 1.688759 1.620323 2.362970 2.191146 2.892530 3.490332 3.337743
3.243348 3.399320 1.554522 2.246457 3.785433 3.982642 2.771486 2.620300
2.864578 0.842130 0.962279 1.598331 2.561074 1.217890 2.555881 3.330507
0.574249 2.228626 3.016870 2.546964 1.489495 2.293015 3.255250 1.125144
2.100765 3.311328 3.369165 1.928501 3.486098 2.139984 1.607829 1.758689
1.021377 1.302886 2.010387 1.115826 3.027214 3.810688 3.499978 1.081470
3.199798 2.901289 3.269099 2.692246 1.602657 3.561640 3.755005 3.438375
2.889069 3.407814 2.502163 2.555953 2.531606 1.972370 1.560489 3.016277
2.026675 0.708060 3.396360 1.310411 3.571682 3.186647 1.916789 0.887507
2.284074 2.526331 3.171711 3.102142 2.914055 3.627380 0.888752 3.290696
3.092140 2.727782 1.581070 1.884252 1.920626 3.127463 2.460365 3.703234
2.371053 1.450585 3.715088 1.823791 2.383047 1.435192 2.299572 3.513774
1.346511 1.680059 3.945484 3.698871 1.280737 1.375208 1.604970 1.391980
1.828899 3.389877 3.185327 3.847751 3.002055 2.481841 1.853123 1.928598
3.157971 0.920664 2.362269 3.494126 1.805355 1.573219 3.712581 0.850111
0.688266 2.986198 3.856573 4.098776 3.156063 1.745987 0.979555 1.451472
0.815211 2.719564 2.786016 1.670184 2.059486 1.654564 0.799684 2.529411
2.975540 1.278826 2.976599 3.908468 2.524743 3.683547 2.538719 2.833793
3.027313 1.856348 3.315460 1.150155 3.619975 3.768699 3.688976 1.177443
3.546353 2.799868 3.122542 2.240864 2.787777 2.075639 2.512730 0.769851
2.279595 3.207050 1.047403 2.706529 1.349772 3.007236 1.255585 0.827555
1.365508 1.041505 2.128326 1.278355 1.320593 3.309421 2.590799 2.079443
0.927108 3.679617 1.091895 2.044079 4.037460 2.921666 2.912947 3.614919
3.360479 1.766705 2.134978 2.914176 1.411296 2.121469 3.627907 3.038193
1.717514 3.542368 2.246549 1.482455 1.509836 3.166280 1.816735 3.470665
1.907548 1.738924 1.952194 1.810032 2.326836 2.560219 1.882954 1.252059
2.744081 1.085921 3.162629 3.207240 3.612681 2.634388 1.246155 3.357737
1.219455 2.120828 1.931292 2.727647 1.226965 1.064216 1.603425 3.312282
1.436264 1.971588 0.970386 2.741450 1.606905 3.911710 3.196942 2.494225
0.924865 2.687177 2.208492 1.896234 3.406097 2.822129 2.052753 1.835314
1.242878 1.954813 3.839217 3.454131 1.248757 2.685029 3.100293 2.322364
1.549619 0.927444 2.626745 1.677939 2.343232 1.296876 3.010960 1.315943
2.131833 1.685336 3.028983 1.185104 2.966485 1.604457 1.388528 1.000799
2.292736 2.351022 3.335050 3.878455 1.306893 1.990037 1.178338 3.295344
0.973868 3.059817 2.687167 3.460917 1.622954 2.182604 3.763043 1.534042
3.250808 3.711368 1.215944 1.618362 3.187643 3.715040 1.808195 1.325937
2.102318 0.805359 3.170626 1.488897 3.362808 3.039098 1.912521 3.649695
1.266678 1.967165 2.541419 2.768020 2.070027 2.504333 1.616881 1.773058
1.031196 2.741229 2.164793 2.304464 3.474687 1.106734 3.807560 3.161450
3.482377 2.017663 1.473187 3.514729 1.962843 3.488921 3.074162 2.292276
2.506211 1.039839 0.995172 2.150613 2.939123 3.321255 2.694941 0.830674
0.614851 2.041210 1.081288 2.570691 3.893815 1.982518 2.492135 2.890710
3.008666 2.512642 1.160958 2.644915 1.505931 1.310607 3.456153 1.973095
3.039677 1.681742 1.140341 2.736492 1.422678 1.860673 1.328284 1.987253
1.720490 1.468326 3.612034 3.429504 2.347348 3.339678 3.648449 2.305759
2.932289 1.947108 0.863408 1.275802 2.612627 2.901653 1.661867 3.317701
1.955880 0.817769 1.254648 2.304979 3.631549 1.889637 3.755175 2.904856
2.689393 2.249229 1.869193 3.705323 1.904201 1.151530 1.902489 3.726461
1.561388 1.807193 2.300102 1.121370 3.204866 3.743540 3.203247 2.162897
1.598429 2.106190 2.377693 3.079102 1.693860 2.097532 1.656127 0.639058
0.796303 2.845168 0.832144 3.730470 1.829514 1.360757 0.848044 1.422641
3.112437 2.173590 1.652916 1.537942 1.636662 3.122013 2.474726 3.400097
2.682258 1.126911 3.907020 4.057964 3.313771 1.419207 1.176235 3.319029
1.735730 1.001375 2.586729 2.686820 3.172283 2.932676 2.879852 3.139148
2.172244 2.377047 2.967467 3.590410 2.770667 2.477328 3.625549 1.778869
0.766597 1.613156 1.932010 3.946996 2.005309 1.609918 1.870128 0.761823
1.285803 2.272488 2.902258 1.257146 2.983433 2.409758 3.083888 3.008873
1.327674 1.734788 3.400938 1.433521 2.359776 3.633222 3.758596 2.463649
0.767260 3.213092 3.828396 2.995248 2.897144 2.419149 3.847266 1.987669
2.238062 3.032180 1.948761 1.626282 2.181888 3.327148 2.076879 1.439773
1.839677 0.743621 3.311254 3.611341 1.201420 2.242270 2.920476 0.683306
2.236653 2.060154 2.802513 3.083423 1.450057 1.234346 2.824949 2.305193
1.191191 3.657022 2.571080 1.181092 1.918637 1.932486 1.199654 0.625081
2.007316 2.915124 1.649459 1.605908 1.110112 3.708137 3.650253 3.404323
2.886666 1.619533 2.771845 3.002468 2.150783 1.138786 2.405543 2.883949
1.955355 2.093861 1.917632 1.660560 1.412016 0.959331 3.059174 0.760682
2.397894 2.187379 3.387401 3.995428 3.398693 2.585809 1.790939 2.000660
0.775323 3.623010 3.131378 1.772508 3.925304 2.100028 3.384673 0.694751
3.473332 1.794089 1.173017 2.822509 3.381498 2.052093 0.970647 2.192181
1.251856 1.857499 3.160943 2.423273 3.728218 2.962661 1.528822 3.059900
2.747723 2.623649 3.267102 1.330606 3.755111 1.172371 1.613566 1.245441
2.860822 2.825805 2.228219 2.681517 2.247086 3.136972 2.861549 2.713860
3.278656 2.382909 1.677298 3.422577 2.945212 2.945656 3.103621 3.356244
2.353190 3.424978 1.763019 3.146082 1.474907 1.857326 1.186776 3.127057
0.581356 1.833210 3.394777 3.842602 1.833146 2.519776 3.211110 1.951049
2.788800 2.254503 2.143004 3.598534 2.491717 2.786543 2.120385 1.494850
1.029125 2.306399 3.183150 1.309591 4.048012 1.265972 2.558398 1.468368
0.937521 3.529042 0.881231 2.011547 2.457022 1.155250 1.968674 3.141215
1.504080 2.024316 1.429479 3.680011 3.054486 2.382138 2.751652 1.734261
1.415877 2.644350 3.931993 2.482004 2.582943 1.748112 2.007973 3.280105
2.479096 0.882266 2.823647 3.098778 3.683225 2.282943 1.901089 2.406037
1.378196 2.947181 3.497134 1.373479 2.379336 2.553306 1.549079 3.639398
3.016896 3.719890 1.297640 1.253281 2.758879 2.107844 0.993048 2.811025
1.139276 3.204140 2.866948 2.963898 4.022570 1.386410 2.741507 1.149643
3.258795 1.965392 2.682549 3.846235 1.330353 2.898650 2.372119 3.393468
3.458587 3.392198 0.901761 2.556233 3.854056 1.755099 1.071352 1.983597
3.273252 3.457188 3.644418 2.983457 3.562308 2.153947 3.592098 3.395480
2.491723 2.739198 1.976243 4.063980 2.084096 1.092118 3.623494 1.741772
1.582066 2.004334 3.918558 3.112307 2.731305 1.106622 1.251159 3.324619
1.821335 0.673966 1.790731 2.360371 1.786339 3.785557 0.842307 1.524018
2.553495 2.785343 1.295134 1.351028 2.629367 3.752773 2.238163 1.702097
3.287510 1.334769 3.775181 1.258820 1.399107 2.937248 3.326157 1.237177
0.991132 0.753053 1.116966 2.552415 1.794096 1.865332 2.546770 1.612725
1.613974 0.971126 3.527161 1.333589 2.892141 3.191081 2.126511 1.110249
3.192568 2.043271 3.912559 2.554831 1.678346 2.498499 3.218950 3.595421
2.057906 2.467558 2.603910 3.086598 1.996047 2.720370 1.532175 1.962562
1.613364 1.918628 1.813916 1.548428 3.879146 1.966179 1.316173 3.405335
1.897669 1.889419 3.102249 2.687053 1.900680 2.631137 2.821953 1.665752
0.672654 3.696829 1.024674 1.409966 3.969324 1.092104 1.366246 1.684742
1.603256 2.995495 3.176446 2.594260 3.178407 3.976045 2.240991 2.106642
1.308818 1.130088 1.868157 1.217812 3.175956 3.236429 1.498388 1.473498
3.012188 1.872109 2.835803 3.542682 1.953490 3.598493 1.205688 1.853690
2.985736 1.466460 2.313669 1.566838 3.379455 1.045154 1.162022 1.295793
3.016931 2.187827 1.768813 2.670196 3.400290 0.920755 1.886304 2.536009
3.544915 3.568895 2.727096 2.895426 2.252439 2.413080 1.363297 3.042510
3.529354 1.009934 3.666154 2.172378 1.259555 1.956614 1.606123 2.464333
1.427035 3.273766 3.648308 1.103875 3.508547 3.527829 3.675602 1.157055
2.861367 1.351631 2.569622 1.586352 2.983029 2.824517 2.120809 1.295753
2.952289 3.173301 3.034725 2.870461 2.601733 3.608188 1.338153 1.219243
1.403556 2.239307 3.782584 3.303018 2.740837 3.308279 3.279913 1.125069
2.846396 1.477470 3.205113 1.996470 2.509065 3.861429 0.806636 1.283301
1.060192 1.206651 1.577836 3.554447 4.056473 2.431677 1.159148 1.312473
1.783989 2.867775 0.831184 3.451823 1.291715 3.146659 2.406353 2.152856
2.544102 2.357732 2.794712 3.412523 1.278279 2.628243 1.498107 2.280709
3.169460 1.470199 3.223537 2.469283 1.425992 3.784711 1.650701 2.610327
3.476937 2.649123 2.293448 2.486322 1.922590 1.395087 1.784992 2.551737
2.010966 1.463736 2.159058 2.913240 3.725635 2.122586 3.772689 3.639877
2.061969 2.363045 1.913101 2.887562 3.984033 2.412732 1.125631 1.993881
1.129326 2.616074 3.056020 2.798126 3.512970 3.409066 2.263615 0.869162
2.769358 1.437261 1.050906 3.343336 1.246205 2.452147 2.342379 1.172886
1.087602 0.913293 3.576501 2.083227 1.886964 1.247600 0.816196 1.915365
1.575934 2.059078 2.572329 2.226427 1.691081 1.883773 0.945579 2.745876
0.891517 3.642723 2.830360 2.496507 3.034890 2.900501 2.485818 1.227162
2.567830 1.068296 2.273619 3.570459 3.998375 2.344449 3.093923 1.924406
2.667310 1.473431 3.546430 2.295033 3.194705 1.633798 3.751953 1.940834
1.294441 3.610929 2.453792 1.317046 3.958029 2.969484 2.403092 1.610720
3.116754 3.039633 1.173637 2.979115 2.733972 0.986074 3.002684 3.428580
1.370901 3.581032 2.144087 3.052593 1.447870 3.259166 3.337872 2.141595
2.001733 3.040700 1.015400 3.609955 3.760892 1.457990 1.815252 0.862114
2.463677 1.594881 1.809859 1.808048 1.436008 1.593479 3.454255 1.534433
3.106348 0.656284 1.767102 2.572232 3.122111 1.973063 1.522671 2.006007
3.115725 2.419513 3.809845 1.569887 2.660191 0.946690 1.776847 1.389856
1.055703 0.928900 2.013803 3.337845 2.408742 2.985743 2.572278 2.616978
0.845196 3.110101 1.751366 3.351441 2.594696 3.722703 3.690407 1.632178
3.427412 0.700220 2.018224 2.349786 2.547941 1.803001 1.432977 0.982890
1.118073 1.008787 1.420303 2.607865 1.043089 2.473460 3.476438 3.225798
3.468221 2.889902 2.095269 1.315873 3.809567 1.208552 1.614584 2.331974
0.842712 2.398071 2.397959 2.394754 1.154014 3.455370 1.945851 3.567855
1.850441 0.621603 3.693326 3.666573 2.732261 1.153937 1.224148 2.465959
1.872234 2.559199 2.076573 1.553099 3.288748 3.717507 3.190995 3.399265
0.757524 2.849735 3.344346 1.953224 2.306353 2.867775 2.860129 3.338802
2.831019 3.144065 3.028293 1.985564 3.823878 3.140348 3.144415 2.467646
1.391132 3.668045 3.340784 2.362338 1.395755 1.587920 2.193750 2.746660
3.555734 3.363052 3.651628 2.897626 1.473305 2.645452 3.463986 0.707143
1.646367 1.172406 3.518141 2.832240 1.428158 3.119378 2.390334 3.065234
3.244306 1.526464 1.692049 3.265916 2.518903 1.672307 3.702150 1.515444
3.398084 1.801657 0.938032 2.390590 3.105918 3.899203 2.089701 1.726818
1.657790 2.643421 2.187843 3.753595 3.577704 1.058413 1.826629 2.499809
2.987612 2.062988 1.873621 1.921708 3.208127 2.725216 2.779388 0.749679
